1,0,3767
2,208,3701
3,416,3638
4,625,3580
5,833,3527
6,1041,3478
7,1250,3436
8,1458,3399
9,1666,3368
10,1875,3343
11,2083,3324
12,2291,3312
13,2500,3307
14,2708,3307
15,2916,3315
16,3125,3328
17,3333,3349
18,3541,3375
19,3750,3408
20,3958,3446
21,4166,3490
22,4375,3540
23,4583,3594
24,4791,3653
25,5000,3717
26,5208,3785
27,5416,3856
28,5625,3930
29,5833,4007
30,6041,4086
31,6250,4167
32,6458,4249
33,6666,4332
34,6875,4415
35,7083,4498
36,7291,4580
37,7500,4660
38,7708,4739
39,7916,4815
40,8125,4889
41,8333,4959
42,8541,5026
43,8750,5089
44,8958,5147
45,9166,5200
46,9375,5248
47,9583,5291
48,9791,5328
49,10000,5359
50,10208,5384
51,10416,5402
52,10625,5414
53,10833,5420
54,11041,5419
55,11250,5412
56,11458,5398
57,11666,5378
58,11875,5352
59,12083,5319
60,12291,5281
61,12500,5237
62,12708,5187
63,12916,5133
64,13125,5073
65,13333,5010
66,13541,4942
67,13750,4871
68,13958,4796
69,14166,4719
70,14375,4640
71,14583,4559
72,14791,4477
73,15000,4394
74,15208,4311
75,15416,4229
76,15625,4147
77,15833,4066
78,16041,3988
79,16250,3911
80,16458,3838
81,16666,3767
82,16875,3701
83,17083,3638
84,17291,3580
85,17500,3527
86,17708,3478
87,17916,3436
88,18125,3399
89,18333,3368
90,18541,3343
91,18750,3324
92,18958,3312
93,19166,3307
94,19375,3307
95,19583,3315
96,19791,3328
97,20000,3349
98,20208,3375
99,20416,3408
100,20625,3446
101,20833,3490
102,21041,3540
103,21250,3594
104,21458,3653
105,21666,3717
106,21875,3785
107,22083,3856
108,22291,3930
109,22500,4007
110,22708,4086
111,22916,4167
112,23125,4249
113,23333,4332
114,23541,4415
115,23750,4498
116,23958,4580
117,24166,4660
118,24375,4739
119,24583,4815
120,24791,4889
121,25000,4959
122,25208,5026
123,25416,5089
124,25625,5147
125,25833,5200
126,26041,5248
127,26250,5291
128,26458,5328
129,26666,5359
130,26875,5384
131,27083,5402
132,27291,5414
133,27500,5420
134,27708,5419
135,27916,5412
136,28125,5398
137,28333,5378
138,28541,5352
139,28750,5319
140,28958,5281
141,29166,5237
142,29375,5187
143,29583,5133
144,29791,5073
145,30000,5010
146,30208,4942
147,30416,4871
148,30625,4796
149,30833,4719
150,31041,4640
151,31250,4559
152,31458,4477
153,31666,4394
154,31875,4311
155,32083,4229
156,32291,4147
157,32500,4066
158,32708,3988
159,32916,3911
160,33125,3838
161,33333,3767
162,33541,3701
163,33750,3638
164,33958,3580
165,34166,3527
166,34375,3478
167,34583,3436
168,34791,3399
169,35000,3368
170,35208,3343
171,35416,3324
172,35625,3312
173,35833,3307
174,36041,3307
175,36250,3315
176,36458,3328
177,36666,3349
178,36875,3375
179,37083,3408
180,37291,3446
181,37500,3490
182,37708,3540
183,37916,3594
184,38125,3653
185,38333,3717
186,38541,3785
187,38750,3856
188,38958,3930
189,39166,4007
190,39375,4086
191,39583,4167
192,39791,4250
193,40000,4332
194,40208,4415
195,40416,4498
196,40625,4580
197,40833,4660
198,41041,4739
199,41250,4816
200,41458,4889
201,41666,4959
202,41875,5026
203,42083,5089
204,42291,5147
205,42500,5200
206,42708,5248
207,42916,5291
208,43125,5328
209,43333,5359
210,43541,5384
211,43750,5402
212,43958,5415
213,44166,5420
214,44375,5419
215,44583,5412
216,44791,5398
217,45000,5378
218,45208,5352
219,45416,5319
220,45625,5281
221,45833,5237
222,46041,5187
223,46250,5133
224,46458,5073
225,46666,5010
226,46875,4942
227,47083,4871
228,47291,4796
229,47500,4719
230,47708,4640
231,47916,4559
232,48125,4477
233,48333,4394
234,48541,4311
235,48750,4229
236,48958,4147
237,49166,4066
238,49375,3988
239,49583,3911
240,49791,3838
241,50000,3767
242,50208,3701
243,50416,3638
244,50625,3580
245,50833,3527
246,51041,3478
247,51250,3436
248,51458,3399
249,51666,3368
250,51875,3343
251,52083,3324
252,52291,3312
253,52500,3307
254,52708,3307
255,52916,3315
256,53125,3329
257,53333,3349
258,53541,3375
259,53750,3408
260,53958,3446
261,54166,3490
262,54375,3540
263,54583,3594
264,54791,3653
265,55000,3717
266,55208,3785
267,55416,3856
268,55625,3930
269,55833,4007
270,56041,4087
271,56250,4167
272,56458,4250
273,56666,4332
274,56875,4415
275,57083,4498
276,57291,4580
277,57500,4660
278,57708,4739
279,57916,4816
280,58125,4889
281,58333,4959
282,58541,5026
283,58750,5089
284,58958,5147
285,59166,5200
286,59375,5248
287,59583,5291
288,59791,5328
289,60000,5359
290,60208,5384
291,60416,5402
292,60625,5415
293,60833,5420
294,61041,5419
295,61250,5412
296,61458,5398
297,61666,5378
298,61875,5352
299,62083,5319
300,62291,5281
301,62500,5237
302,62708,5187
303,62916,5133
304,63125,5073
305,63333,5010
306,63541,4942
307,63750,4871
308,63958,4796
309,64166,4719
310,64375,4640
311,64583,4559
312,64791,4477
313,65000,4394
314,65208,4311
315,65416,4229
316,65625,4147
317,65833,4066
318,66041,3988
319,66250,3911
320,66458,3838
321,66666,3767
322,66875,3701
323,67083,3638
324,67291,3580
325,67500,3527
326,67708,3478
327,67916,3436
328,68125,3399
329,68333,3368
330,68541,3343
331,68750,3324
332,68958,3312
333,69166,3307
334,69375,3307
335,69583,3315
336,69791,3329
337,70000,3349
338,70208,3375
339,70416,3408
340,70625,3446
341,70833,3490
342,71041,3540
343,71250,3594
344,71458,3653
345,71666,3717
346,71875,3785
347,72083,3856
348,72291,3930
349,72500,4007
350,72708,4087
351,72916,4167
352,73125,4250
353,73333,4332
354,73541,4415
355,73750,4498
356,73958,4580
357,74166,4660
358,74375,4739
359,74583,4816
360,74791,4889
361,75000,4960
362,75208,5026
363,75416,5089
364,75625,5147
365,75833,5200
366,76041,5248
367,76250,5291
368,76458,5328
369,76666,5359
370,76875,5384
371,77083,5402
372,77291,5415
373,77500,5420
374,77708,5419
375,77916,5412
376,78125,5398
377,78333,5378
378,78541,5352
379,78750,5319
380,78958,5281
381,79166,5237
382,79375,5187
383,79583,5133
384,79791,5073
385,80000,5010
386,80208,4942
387,80416,4871
388,80625,4796
389,80833,4719
390,81041,4640
391,81250,4559
392,81458,4477
393,81666,4394
394,81875,4311
395,82083,4229
396,82291,4147
397,82500,4066
398,82708,3988
399,82916,3911
400,83125,3838
401,83333,3767
402,83541,3701
403,83750,3638
404,83958,3580
405,84166,3527
406,84375,3478
407,84583,3436
408,84791,3399
409,85000,3368
410,85208,3343
411,85416,3324
412,85625,3312
413,85833,3307
414,86041,3307
415,86250,3315
416,86458,3329
417,86666,3349
418,86875,3375
419,87083,3408
420,87291,3446
421,87500,3490
422,87708,3540
423,87916,3594
424,88125,3653
425,88333,3717
426,88541,3785
427,88750,3856
428,88958,3930
429,89166,4007
430,89375,4087
431,89583,4167
432,89791,4250
433,90000,4332
434,90208,4415
435,90416,4498
436,90625,4580
437,90833,4661
438,91041,4739
439,91250,4816
440,91458,4889
441,91666,4960
442,91875,5026
443,92083,5089
444,92291,5147
445,92500,5200
446,92708,5248
447,92916,5291
448,93125,5328
449,93333,5359
450,93541,5384
451,93750,5402
452,93958,5415
453,94166,5420
454,94375,5419
455,94583,5412
456,94791,5398
457,95000,5378
458,95208,5352
459,95416,5319
460,95625,5281
461,95833,5237
462,96041,5187
463,96250,5133
464,96458,5073
465,96666,5010
466,96875,4942
467,97083,4871
468,97291,4796
469,97500,4719
470,97708,4640
471,97916,4559
472,98125,4477
473,98333,4394
474,98541,4311
475,98750,4229
476,98958,4147
477,99166,4066
478,99375,3988
479,99583,3911
480,99791,3838
481,100000,3767
482,100208,3701
483,100416,3638
484,100625,3580
485,100833,3527
486,101041,3478
487,101250,3436
488,101458,3399
489,101666,3368
490,101875,3343
491,102083,3324
492,102291,3312
493,102500,3307
494,102708,3307
495,102916,3315
496,103125,3329
497,103333,3349
498,103541,3375
499,103750,3408
500,103958,3446
501,104166,3490
502,104375,3540
503,104583,3594
504,104792,3653
505,105000,3717
506,105208,3785
507,105417,3856
508,105625,3930
509,105833,4007
510,106042,4087
511,106250,4167
512,106458,4250
513,106667,4332
514,106875,4415
515,107083,4498
516,107292,4580
517,107500,4661
518,107708,4739
519,107917,4816
520,108125,4889
521,108333,4960
522,108542,5026
523,108750,5089
524,108958,5147
525,109167,5200
526,109375,5248
527,109583,5291
528,109792,5328
529,110000,5359
530,110208,5384
531,110417,5402
532,110625,5415
533,110833,5420
534,111042,5419
535,111250,5412
536,111458,5398
537,111667,5378
538,111875,5352
539,112083,5319
540,112292,5281
541,112500,5237
542,112708,5187
543,112917,5133
544,113125,5073
545,113333,5010
546,113542,4942
547,113750,4871
548,113958,4796
549,114167,4719
550,114375,4640
551,114583,4559
552,114792,4477
553,115000,4394
554,115208,4311
555,115417,4229
556,115625,4147
557,115833,4066
558,116042,3988
559,116250,3911
560,116458,3838
561,116667,3767
562,116875,3701
563,117083,3638
564,117292,3580
565,117500,3527
566,117708,3478
567,117917,3436
568,118125,3399
569,118333,3368
570,118542,3343
571,118750,3324
572,118958,3312
573,119167,3307
574,119375,3307
575,119583,3315
576,119792,3329
577,120000,3349
578,120208,3375
579,120417,3408
580,120625,3446
581,120833,3490
582,121042,3540
583,121250,3594
584,121458,3654
585,121667,3717
586,121875,3785
587,122083,3856
588,122292,3930
589,122500,4007
590,122708,4087
591,122917,4168
592,123125,4250
593,123333,4332
594,123542,4415
595,123750,4498
596,123958,4580
597,124167,4661
598,124375,4739
599,124583,4816
600,124792,4889
601,125000,4960
602,125208,5026
603,125417,5089
604,125625,5147
605,125833,5200
606,126042,5248
607,126250,5291
608,126458,5328
609,126667,5359
610,126875,5384
611,127083,5402
612,127292,5415
613,127500,5420
614,127708,5419
615,127917,5412
616,128125,5398
617,128333,5378
618,128542,5352
619,128750,5319
620,128958,5281
621,129167,5237
622,129375,5187
623,129583,5133
624,129792,5073
625,130000,5010
626,130208,4942
627,130417,4871
628,130625,4796
629,130833,4719
630,131042,4640
631,131250,4559
632,131458,4477
633,131667,4394
634,131875,4311
635,132083,4229
636,132292,4147
637,132500,4066
638,132708,3987
639,132917,3911
640,133125,3838
641,133333,3767
642,133542,3701
643,133750,3638
644,133958,3580
645,134167,3527
646,134375,3478
647,134583,3436
648,134792,3399
649,135000,3368
650,135208,3343
651,135417,3324
652,135625,3312
653,135833,3307
654,136042,3307
655,136250,3315
656,136458,3329
657,136667,3349
658,136875,3375
659,137083,3408
660,137292,3446
661,137500,3490
662,137708,3540
663,137917,3594
664,138125,3654
665,138333,3717
666,138542,3785
667,138750,3856
668,138958,3930
669,139167,4007
670,139375,4087
671,139583,4168
672,139792,4250
673,140000,4332
674,140208,4415
675,140417,4498
676,140625,4580
677,140833,4661
678,141042,4739
679,141250,4816
680,141458,4889
681,141667,4960
682,141875,5026
683,142083,5089
684,142292,5147
685,142500,5200
686,142708,5248
687,142917,5291
688,143125,5328
689,143333,5359
690,143542,5384
691,143750,5402
692,143958,5415
693,144167,5420
694,144375,5419
695,144583,5412
696,144792,5398
697,145000,5378
698,145208,5352
699,145417,5319
700,145625,5281
701,145833,5237
702,146042,5187
703,146250,5133
704,146458,5073
705,146667,5010
706,146875,4942
707,147083,4871
708,147292,4796
709,147500,4719
710,147708,4640
711,147917,4559
712,148125,4477
713,148333,4394
714,148542,4311
715,148750,4229
716,148958,4147
717,149167,4066
718,149375,3987
719,149583,3911
720,149792,3838
721,150000,3767
722,150208,3700
723,150417,3638
724,150625,3580
725,150833,3527
726,151042,3478
727,151250,3436
728,151458,3399
729,151667,3368
730,151875,3343
731,152083,3324
732,152292,3312
733,152500,3307
734,152708,3307
735,152917,3315
736,153125,3329
737,153333,3349
738,153542,3375
739,153750,3408
740,153958,3446
741,154167,3490
742,154375,3540
743,154583,3594
744,154792,3654
745,155000,3717
746,155208,3785
747,155417,3856
748,155625,3930
749,155833,4007
750,156042,4087
751,156250,4168
752,156458,4250
753,156667,4333
754,156875,4416
755,157083,4498
756,157292,4580
757,157500,4661
758,157708,4739
759,157917,4816
760,158125,4889
761,158333,4960
762,158542,5026
763,158750,5089
764,158958,5147
765,159167,5200
766,159375,5248
767,159583,5291
768,159792,5328
769,160000,5359
770,160208,5384
771,160417,5402
772,160625,5415
773,160833,5420
774,161042,5419
775,161250,5412
776,161458,5398
777,161667,5378
778,161875,5352
779,162083,5319
780,162292,5281
781,162500,5237
782,162708,5187
783,162917,5132
784,163125,5073
785,163333,5010
786,163542,4942
787,163750,4871
788,163958,4796
789,164167,4719
790,164375,4640
791,164583,4559
792,164792,4477
793,165000,4394
794,165208,4311
795,165417,4229
796,165625,4147
797,165833,4066
798,166042,3987
799,166250,3911
800,166458,3837
801,166667,3767
802,166875,3700
803,167083,3638
804,167292,3580
805,167500,3527
806,167708,3478
807,167917,3436
808,168125,3399
809,168333,3368
810,168542,3343
811,168750,3324
812,168958,3312
813,169167,3307
814,169375,3307
815,169583,3315
816,169792,3329
817,170000,3349
818,170208,3375
819,170417,3408
820,170625,3446
821,170833,3490
822,171042,3540
823,171250,3594
824,171458,3654
825,171667,3717
826,171875,3785
827,172083,3856
828,172292,3930
829,172500,4007
830,172708,4087
831,172917,4168
832,173125,4250
833,173333,4333
834,173542,4416
835,173750,4498
836,173958,4580
837,174167,4661
838,174375,4739
839,174583,4816
840,174792,4889
841,175000,4960
842,175208,5026
843,175417,5089
844,175625,5147
845,175833,5200
846,176042,5248
847,176250,5291
848,176458,5328
849,176667,5359
850,176875,5384
851,177083,5402
852,177292,5415
853,177500,5420
854,177708,5419
855,177917,5412
856,178125,5398
857,178333,5378
858,178542,5352
859,178750,5319
860,178958,5281
861,179167,5236
862,179375,5187
863,179583,5132
864,179792,5073
865,180000,5010
866,180208,4942
867,180417,4871
868,180625,4796
869,180833,4719
870,181042,4640
871,181250,4559
872,181458,4477
873,181667,4394
874,181875,4311
875,182083,4229
876,182292,4147
877,182500,4066
878,182708,3987
879,182917,3911
880,183125,3837
881,183333,3767
882,183542,3700
883,183750,3638
884,183958,3580
885,184167,3526
886,184375,3478
887,184583,3436
888,184792,3399
889,185000,3368
890,185208,3343
891,185417,3324
892,185625,3312
893,185833,3307
894,186042,3307
895,186250,3315
896,186458,3329
897,186667,3349
898,186875,3375
899,187083,3408
900,187292,3446
901,187500,3490
902,187708,3540
903,187917,3594
904,188125,3654
905,188333,3717
906,188542,3785
907,188750,3856
908,188958,3930
909,189167,4007
910,189375,4087
911,189583,4168
912,189792,4250
913,190000,4333
914,190208,4416
915,190417,4498
916,190625,4580
917,190833,4661
918,191042,4739
919,191250,4816
920,191458,4889
921,191667,4960
922,191875,5026
923,192083,5089
924,192292,5147
925,192500,5200
926,192708,5248
927,192917,5291
928,193125,5328
929,193333,5359
930,193542,5384
931,193750,5402
932,193958,5415
933,194167,5420
934,194375,5419
935,194583,5412
936,194792,5398
937,195000,5378
938,195208,5352
939,195417,5319
940,195625,5281
941,195833,5236
942,196042,5187
943,196250,5132
944,196458,5073
945,196667,5009
946,196875,4942
947,197083,4871
948,197292,4796
949,197500,4719
950,197708,4640
951,197917,4559
952,198125,4477
953,198333,4394
954,198542,4311
955,198750,4228
956,198958,4147
957,199167,4066
958,199375,3987
959,199583,3911
960,199792,3837
961,200000,3767
962,200208,3700
963,200417,3638
964,200625,3580
965,200833,3526
966,201042,3478
967,201250,3436
968,201458,3399
969,201667,3368
970,201875,3343
971,202083,3324
972,202292,3312
973,202500,3307
974,202708,3307
975,202917,3315
976,203125,3329
977,203333,3349
978,203542,3375
979,203750,3408
980,203958,3446
981,204167,3490
982,204375,3540
983,204583,3594
984,204792,3654
985,205000,3717
986,205208,3785
987,205417,3856
988,205625,3930
989,205833,4007
990,206042,4087
991,206250,4168
992,206458,4250
993,206667,4333
994,206875,4416
995,207083,4498
996,207292,4580
997,207500,4661
998,207708,4739
999,207917,4816
1000,208125,4889
1001,208333,4960
1002,208542,5026
1003,208750,5089
1004,208959,5147
1005,209167,5200
1006,209375,5248
1007,209584,5291
1008,209792,5328
1009,210000,5359
1010,210209,5384
1011,210417,5402
1012,210625,5415
1013,210834,5420
1014,211042,5419
1015,211250,5412
1016,211459,5398
1017,211667,5378
1018,211875,5352
1019,212084,5319
1020,212292,5281
1021,212500,5236
1022,212709,5187
1023,212917,5132
1024,213125,5073
1025,213334,5009
1026,213542,4942
1027,213750,4871
1028,213959,4796
1029,214167,4719
1030,214375,4640
1031,214584,4559
1032,214792,4477
1033,215000,4394
1034,215209,4311
1035,215417,4228
1036,215625,4147
1037,215834,4066
1038,216042,3987
1039,216250,3911
1040,216459,3837
1041,216667,3767
1042,216875,3700
1043,217084,3638
1044,217292,3580
1045,217500,3526
1046,217709,3478
1047,217917,3436
1048,218125,3399
1049,218334,3368
1050,218542,3343
1051,218750,3324
1052,218959,3312
1053,219167,3307
1054,219375,3307
1055,219584,3315
1056,219792,3329
1057,220000,3349
1058,220209,3375
1059,220417,3408
1060,220625,3446
1061,220834,3490
1062,221042,3540
1063,221250,3594
1064,221459,3654
1065,221667,3717
1066,221875,3785
1067,222084,3856
1068,222292,3930
1069,222500,4008
1070,222709,4087
1071,222917,4168
1072,223125,4250
1073,223334,4333
1074,223542,4416
1075,223750,4498
1076,223959,4580
1077,224167,4661
1078,224375,4739
1079,224584,4816
1080,224792,4889
1081,225000,4960
1082,225209,5026
1083,225417,5089
1084,225625,5147
1085,225834,5200
1086,226042,5248
1087,226250,5291
1088,226459,5328
1089,226667,5359
1090,226875,5384
1091,227084,5402
1092,227292,5415
1093,227500,5420
1094,227709,5419
1095,227917,5412
1096,228125,5398
1097,228334,5378
1098,228542,5352
1099,228750,5319
1100,228959,5281
1101,229167,5236
1102,229375,5557
1103,229584,5481
1104,229792,5431
1105,230000,5309
1106,230209,5225
1107,230417,5099
1108,230625,4988
1109,230834,4859
1110,231042,4733
1111,231250,4600
1112,231459,4467
1113,231667,4332
1114,231875,4198
1115,232084,4064
1116,232292,3931
1117,232500,3801
1118,232709,3675
1119,232917,3553
1120,233125,3435
1121,233334,3324
1122,233542,3218
1123,233750,3120
1124,233959,3029
1125,234167,2947
1126,234375,2873
1127,234584,2809
1128,234792,2754
1129,235000,2709
1130,235209,2674
1131,235417,2650
1132,235625,2636
1133,235834,2633
1134,236042,2640
1135,236250,2658
1136,236459,2687
1137,236667,2726
1138,236875,2775
1139,237084,2834
1140,237292,2902
1141,237500,2979
1142,237709,3065
1143,237917,3159
1144,238125,3260
1145,238334,3368
1146,238542,3483
1147,238750,3602
1148,238959,3726
1149,239167,3855
1150,239375,3986
1151,239584,4120
1152,239792,4255
1153,240000,4391
1154,240209,4526
1155,240417,4661
1156,240625,4794
1157,240834,4924
1158,241042,5051
1159,241250,5173
1160,241459,5291
1161,241667,5403
1162,241875,5508
1163,242084,5606
1164,242292,5697
1165,242500,5779
1166,242709,5853
1167,242917,5918
1168,243125,5973
1169,243334,6018
1170,243542,6052
1171,243750,6077
1172,243959,6091
1173,244167,6094
1174,244375,6086
1175,244584,6068
1176,244792,6040
1177,245000,6001
1178,245209,5952
1179,245417,5893
1180,245625,5825
1181,245834,5747
1182,246042,5661
1183,246250,5568
1184,246459,5466
1185,246667,5358
1186,246875,5244
1187,247084,5125
1188,247292,5000
1189,247500,4872
1190,247709,4741
1191,247917,4607
1192,248125,4472
1193,248334,4336
1194,248542,4200
1195,248750,4066
1196,248959,3933
1197,249167,3803
1198,249375,3676
1199,249584,3553
1200,249792,3436
1201,250000,3324
1202,250209,3219
1203,250417,3120
1204,250625,3030
1205,250834,2947
1206,251042,2874
1207,251250,2809
1208,251459,2754
1209,251667,2709
1210,251875,2674
1211,252084,2650
1212,252292,2636
1213,252500,2633
1214,252709,2640
1215,252917,2658
1216,253125,2687
1217,253334,2726
1218,253542,2775
1219,253750,2834
1220,253959,2902
1221,254167,2979
1222,254375,3065
1223,254584,3159
1224,254792,3260
1225,255000,3368
1226,255209,3483
1227,255417,3602
1228,255625,3726
1229,255834,3855
1230,256042,3986
1231,256250,4120
1232,256459,4255
1233,256667,4391
1234,256875,4526
1235,257084,4661
1236,257292,4794
1237,257500,4924
1238,257709,5051
1239,257917,5173
1240,258125,5291
1241,258334,5403
1242,258542,5508
1243,258750,5606
1244,258959,5697
1245,259167,5780
1246,259375,5853
1247,259584,5918
1248,259792,5973
1249,260000,6018
1250,260209,6052
1251,260417,6077
1252,260625,6091
1253,260834,6094
1254,261042,6086
1255,261250,6068
1256,261459,6040
1257,261667,6001
1258,261875,5952
1259,262084,5893
1260,262292,5825
1261,262500,5747
1262,262709,5661
1263,262917,5568
1264,263125,5466
1265,263334,5358
1266,263542,5244
1267,263750,5125
1268,263959,5000
1269,264167,4872
1270,264375,4741
1271,264584,4607
1272,264792,4472
1273,265000,4336
1274,265209,4200
1275,265417,4066
1276,265625,3933
1277,265834,3802
1278,266042,3676
1279,266250,3553
1280,266459,3436
1281,266667,3324
1282,266875,3219
1283,267084,3120
1284,267292,3030
1285,267500,2947
1286,267709,2873
1287,267917,2809
1288,268125,2754
1289,268334,2709
1290,268542,2674
1291,268750,2650
1292,268959,2636
1293,269167,2633
1294,269375,2640
1295,269584,2658
1296,269792,2687
1297,270000,2726
1298,270209,2775
1299,270417,2834
1300,270625,2902
1301,270834,2979
1302,271042,3065
1303,271250,3159
1304,271459,3260
1305,271667,3368
1306,271875,3483
1307,272084,3602
1308,272292,3726
1309,272500,3855
1310,272709,3986
1311,272917,4120
1312,273125,4255
1313,273334,4391
1314,273542,4527
1315,273750,4661
1316,273959,4794
1317,274167,4924
1318,274375,5051
1319,274584,5173
1320,274792,5291
1321,275000,5403
1322,275209,5508
1323,275417,5606
1324,275625,5697
1325,275834,5780
1326,276042,5853
1327,276250,5918
1328,276459,5973
1329,276667,6018
1330,276875,6052
1331,277084,6077
1332,277292,6091
1333,277500,6094
1334,277709,6086
1335,277917,6068
1336,278125,6040
1337,278334,6001
1338,278542,5952
1339,278750,5893
1340,278959,5825
1341,279167,5747
1342,279375,5661
1343,279584,5568
1344,279792,5466
1345,280000,5358
1346,280209,5244
1347,280417,5125
1348,280625,5000
1349,280834,4872
1350,281042,4741
1351,281250,4607
1352,281459,4472
1353,281667,4336
1354,281875,4200
1355,282084,4065
1356,282292,3933
1357,282500,3802
1358,282709,3676
1359,282917,3553
1360,283125,3436
1361,283334,3324
1362,283542,3219
1363,283750,3120
1364,283959,3030
1365,284167,2947
1366,284375,2873
1367,284584,2809
1368,284792,2754
1369,285000,2709
1370,285209,2674
1371,285417,2650
1372,285625,2636
1373,285834,2633
1374,286042,2640
1375,286250,2658
1376,286459,2687
1377,286667,2726
1378,286875,2775
1379,287084,2834
1380,287292,2902
1381,287500,2980
1382,287709,3065
1383,287917,3159
1384,288125,3260
1385,288334,3368
1386,288542,3483
1387,288750,3602
1388,288959,3727
1389,289167,3855
1390,289375,3986
1391,289584,4120
1392,289792,4255
1393,290000,4391
1394,290209,4527
1395,290417,4661
1396,290625,4794
1397,290834,4924
1398,291042,5051
1399,291250,5174
1400,291459,5291
1401,291667,5403
1402,291875,5508
1403,292084,5606
1404,292292,5697
1405,292500,5780
1406,292709,5853
1407,292917,5918
1408,293125,5973
1409,293334,6018
1410,293542,6052
1411,293750,6077
1412,293959,6091
1413,294167,6094
1414,294375,6086
1415,294584,6068
1416,294792,6040
1417,295000,6001
1418,295209,5952
1419,295417,5893
1420,295625,5824
1421,295834,5747
1422,296042,5661
1423,296250,5568
1424,296459,5466
1425,296667,5358
1426,296875,5244
1427,297084,5124
1428,297292,5000
1429,297500,4872
1430,297709,4741
1431,297917,4607
1432,298125,4472
1433,298334,4336
1434,298542,4200
1435,298750,4065
1436,298959,3933
1437,299167,3802
1438,299375,3676
1439,299584,3553
1440,299792,3436
1441,300000,3324
1442,300209,3219
1443,300417,3120
1444,300625,3030
1445,300834,2947
1446,301042,2873
1447,301250,2809
1448,301459,2754
1449,301667,2709
1450,301875,2674
1451,302084,2650
1452,302292,2636
1453,302500,2633
1454,302709,2640
1455,302917,2658
1456,303125,2687
1457,303334,2726
1458,303542,2775
1459,303750,2834
1460,303959,2902
1461,304167,2980
1462,304375,3065
1463,304584,3159
1464,304792,3260
1465,305000,3368
1466,305209,3483
1467,305417,3602
1468,305625,3727
1469,305834,3855
1470,306042,3986
1471,306250,4120
1472,306459,4255
1473,306667,4391
1474,306875,4527
1475,307084,4661
1476,307292,4794
1477,307500,4924
1478,307709,5051
1479,307917,5174
1480,308125,5291
1481,308334,5403
1482,308542,5508
1483,308750,5607
1484,308959,5697
1485,309167,5780
1486,309375,5853
1487,309584,5918
1488,309792,5973
1489,310000,6018
1490,310209,6053
1491,310417,6077
1492,310625,6091
1493,310834,6094
1494,311042,6086
1495,311250,6068
1496,311459,6040
1497,311667,6001
1498,311875,5952
1499,312084,5893
1500,312292,5824
1501,312500,5747
1502,312709,5661
1503,312917,5568
1504,313126,5466
1505,313334,5358
1506,313542,5244
1507,313751,5124
1508,313959,5000
1509,314167,4872
1510,314376,4741
1511,314584,4607
1512,314792,4472
1513,315001,4336
1514,315209,4200
1515,315417,4065
1516,315626,3933
1517,315834,3802
1518,316042,3676
1519,316251,3553
1520,316459,3436
1521,316667,3324
1522,316876,3219
1523,317084,3120
1524,317292,3030
1525,317501,2947
1526,317709,2873
1527,317917,2809
1528,318126,2754
1529,318334,2709
1530,318542,2674
1531,318751,2650
1532,318959,2636
1533,319167,2633
1534,319376,2640
1535,319584,2658
1536,319792,2687
1537,320001,2726
1538,320209,2775
1539,320417,2834
1540,320626,2902
1541,320834,2980
1542,321042,3065
1543,321251,3159
1544,321459,3260
1545,321667,3368
1546,321876,3483
1547,322084,3602
1548,322292,3727
1549,322501,3855
1550,322709,3986
1551,322917,4120
1552,323126,4255
1553,323334,4391
1554,323542,4527
1555,323751,4661
1556,323959,4794
1557,324167,4924
1558,324376,5051
1559,324584,5174
1560,324792,5291
1561,325001,5403
1562,325209,5508
1563,325417,5607
1564,325626,5697
1565,325834,5780
1566,326042,5853
1567,326251,5918
1568,326459,5973
1569,326667,6018
1570,326876,6053
1571,327084,6077
1572,327292,6091
1573,327501,6094
1574,327709,6086
1575,327917,6068
1576,328126,6040
1577,328334,6001
1578,328542,5952
1579,328751,5893
1580,328959,5824
1581,329167,5747
1582,329376,5661
1583,329584,5568
1584,329792,5466
1585,330001,5358
1586,330209,5244
1587,330417,5124
1588,330626,5000
1589,330834,4872
1590,331042,4741
1591,331251,4607
1592,331459,4472
1593,331667,4336
1594,331876,4200
1595,332084,4065
1596,332292,3933
1597,332501,3802
1598,332709,3676
1599,332917,3553
1600,333126,3436
1601,333334,3324
1602,333542,3218
1603,333751,3120
1604,333959,3030
1605,334167,2947
1606,334376,2873
1607,334584,2809
1608,334792,2754
1609,335001,2709
1610,335209,2674
1611,335417,2650
1612,335626,2636
1613,335834,2633
1614,336042,2640
1615,336251,2658
1616,336459,2687
1617,336667,2726
1618,336876,2775
1619,337084,2834
1620,337292,2902
1621,337501,2980
1622,337709,3065
1623,337917,3159
1624,338126,3260
1625,338334,3369
1626,338542,3483
1627,338751,3602
1628,338959,3727
1629,339167,3855
1630,339376,3986
1631,339584,4120
1632,339792,4255
1633,340001,4391
1634,340209,4527
1635,340417,4661
1636,340626,4794
1637,340834,4924
1638,341042,5051
1639,341251,5174
1640,341459,5291
1641,341667,5403
1642,341876,5508
1643,342084,5607
1644,342292,5697
1645,342501,5780
1646,342709,5853
1647,342917,5918
1648,343126,5973
1649,343334,6018
1650,343542,6053
1651,343751,6077
1652,343959,6091
1653,344167,6094
1654,344376,6086
1655,344584,6068
1656,344792,6040
1657,345001,6001
1658,345209,5952
1659,345417,5893
1660,345626,5824
1661,345834,5747
1662,346042,5661
1663,346251,5567
1664,346459,5466
1665,346667,5358
1666,346876,5244
1667,347084,5124
1668,347292,5000
1669,347501,4872
1670,347709,4740
1671,347917,4607
1672,348126,4472
1673,348334,4336
1674,348542,4200
1675,348751,4065
1676,348959,3933
1677,349167,3802
1678,349376,3676
1679,349584,3553
1680,349792,3436
1681,350001,3324
1682,350209,3218
1683,350417,3120
1684,350626,3030
1685,350834,2947
1686,351042,2873
1687,351251,2809
1688,351459,2754
1689,351667,2709
1690,351876,2674
1691,352084,2650
1692,352292,2636
1693,352501,2633
1694,352709,2640
1695,352917,2658
1696,353126,2687
1697,353334,2726
1698,353542,2775
1699,353751,2834
1700,353959,2902
1701,354167,2980
1702,354376,3065
1703,354584,3159
1704,354792,3261
1705,355001,3369
1706,355209,3483
1707,355417,3602
1708,355626,3727
1709,355834,3855
1710,356042,3986
1711,356251,4120
1712,356459,4255
1713,356667,4391
1714,356876,4527
1715,357084,4661
1716,357292,4794
1717,357501,4924
1718,357709,5051
1719,357917,5174
1720,358126,5291
1721,358334,5403
1722,358542,5508
1723,358751,5607
1724,358959,5697
1725,359167,5780
1726,359376,5853
1727,359584,5918
1728,359792,5973
1729,360001,6018
1730,360209,6053
1731,360417,6077
1732,360626,6091
1733,360834,6094
1734,361042,6086
1735,361251,6068
1736,361459,6040
1737,361667,6001
1738,361876,5952
1739,362084,5893
1740,362292,5824
1741,362501,5747
1742,362709,5661
1743,362917,5567
1744,363126,5466
1745,363334,5358
1746,363542,5244
1747,363751,5124
1748,363959,5000
1749,364167,4872
1750,364376,4740
1751,364584,4607
1752,364792,4472
1753,365001,4336
1754,365209,4200
1755,365417,4065
1756,365626,3932
1757,365834,3802
1758,366042,3676
1759,366251,3553
1760,366459,3436
1761,366667,3324
1762,366876,3218
1763,367084,3120
1764,367292,3029
1765,367501,2947
1766,367709,2873
1767,367917,2809
1768,368126,2754
1769,368334,2709
1770,368542,2674
1771,368751,2650
1772,368959,2636
1773,369167,2633
1774,369376,2640
1775,369584,2658
1776,369792,2687
1777,370001,2726
1778,370209,2775
1779,370417,2834
1780,370626,2902
1781,370834,2980
1782,371042,3065
1783,371251,3159
1784,371459,3261
1785,371667,3369
1786,371876,3483
1787,372084,3602
1788,372292,3727
1789,372501,3855
1790,372709,3986
1791,372917,4120
1792,373126,4255
1793,373334,4391
1794,373542,4527
1795,373751,4661
1796,373959,4794
1797,374167,4924
1798,374376,5051
1799,374584,5174
1800,374792,5291
1801,375001,5403
1802,375209,5508
1803,375417,5607
1804,375626,5697
1805,375834,5780
1806,376042,5853
1807,376251,5918
1808,376459,5973
1809,376667,6018
1810,376876,6053
1811,377084,6077
1812,377292,6091
1813,377501,6094
1814,377709,6086
1815,377917,6068
1816,378126,6040
1817,378334,6001
1818,378542,5952
1819,378751,5893
1820,378959,5824
1821,379167,5747
1822,379376,5661
1823,379584,5567
1824,379792,5466
1825,380001,5358
1826,380209,5244
1827,380417,5124
1828,380626,5000
1829,380834,4872
1830,381042,4740
1831,381251,4607
1832,381459,4472
1833,381667,4336
1834,381876,4200
1835,382084,4065
1836,382292,3932
1837,382501,3802
1838,382709,3676
1839,382917,3553
1840,383126,3436
1841,383334,3324
1842,383542,3218
1843,383751,3120
1844,383959,3029
1845,384167,2947
1846,384376,2873
1847,384584,2809
1848,384792,2754
1849,385001,2709
1850,385209,2674
1851,385417,2650
1852,385626,2636
1853,385834,2633
1854,386042,2640
1855,386251,2658
1856,386459,2687
1857,386667,2726
1858,386876,2775
1859,387084,2834
1860,387292,2902
1861,387501,2980
1862,387709,3065
1863,387917,3159
1864,388126,3261
1865,388334,3369
1866,388542,3483
1867,388751,3602
1868,388959,3727
1869,389167,3855
1870,389376,3986
1871,389584,4120
1872,389792,4255
1873,390001,4391
1874,390209,4527
1875,390417,4661
1876,390626,4794
1877,390834,4924
1878,391042,5051
1879,391251,5174
1880,391459,5291
1881,391667,5403
1882,391876,5508
1883,392084,5607
1884,392292,5697
1885,392501,5780
1886,392709,5853
1887,392917,5918
1888,393126,5973
1889,393334,6018
1890,393542,6053
1891,393751,6077
1892,393959,6091
1893,394167,6094
1894,394376,6086
1895,394584,6068
1896,394792,6040
1897,395001,6001
1898,395209,5952
1899,395417,5893
1900,395626,5824
1901,395834,5747
1902,396042,5661
1903,396251,5567
1904,396459,5466
1905,396667,5358
1906,396876,5244
1907,397084,5124
1908,397292,5000
1909,397501,4872
1910,397709,4740
1911,397917,4607
1912,398126,4471
1913,398334,4336
1914,398542,4200
1915,398751,4065
1916,398959,3932
1917,399167,3802
1918,399376,3675
1919,399584,3553
1920,399792,3436
1921,400001,3324
1922,400209,3218
1923,400417,3120
1924,400626,3029
1925,400834,2947
1926,401042,2873
1927,401251,2809
1928,401459,2754
1929,401667,2709
1930,401876,2674
1931,402084,2650
1932,402292,2636
1933,402501,2633
1934,402709,2640
1935,402917,2658
1936,403126,2687
1937,403334,2726
1938,403542,2775
1939,403751,2834
1940,403959,2902
1941,404167,2980
1942,404376,3065
1943,404584,3159
1944,404792,3261
1945,405001,3369
1946,405209,3483
1947,405417,3602
1948,405626,3727
1949,405834,3855
1950,406042,3986
1951,406251,4120
1952,406459,4255
1953,406667,4391
1954,406876,4527
1955,407084,4661
1956,407292,4794
1957,407501,4925
1958,407709,5051
1959,407917,5174
1960,408126,5291
1961,408334,5403
1962,408542,5508
1963,408751,5607
1964,408959,5697
1965,409167,5780
1966,409376,5853
1967,409584,5918
1968,409792,5973
1969,410001,6018
1970,410209,6053
1971,410417,6077
1972,410626,6091
1973,410834,6094
1974,411042,6086
1975,411251,6068
1976,411459,6040
1977,411667,6001
1978,411876,5952
1979,412084,5893
1980,412292,5824
1981,412501,5747
1982,412709,5661
1983,412917,5567
1984,413126,5466
1985,413334,5358
1986,413542,5244
1987,413751,5124
1988,413959,5000
1989,414167,4872
1990,414376,4740
1991,414584,4607
1992,414792,4471
1993,415001,4336
1994,415209,4200
1995,415417,4065
1996,415626,3932
1997,415834,3802
1998,416042,3675
1999,416251,3553
2000,416459,3435
2001,416667,3324
2002,416876,3218
2003,417084,3120
2004,417293,3029
2005,417501,2947
2006,417709,2873
2007,417918,2809
2008,418126,2754
2009,418334,2709
2010,418543,2674
2011,418751,2650
2012,418959,2636
2013,419168,2633
2014,419376,2640
2015,419584,2658
2016,419793,2687
2017,420001,2726
2018,420209,2775
2019,420418,2834
2020,420626,2902
2021,420834,2980
2022,421043,3066
2023,421251,3159
2024,421459,3261
2025,421668,3369
2026,421876,3483
2027,422084,3602
2028,422293,3727
2029,422501,3855
2030,422709,3986
2031,422918,4120
2032,423126,4255
2033,423334,4391
2034,423543,4527
2035,423751,4662
2036,423959,4794
2037,424168,4925
2038,424376,5051
2039,424584,5174
2040,424793,5291
2041,425001,5403
2042,425209,5508
2043,425418,5607
2044,425626,5697
2045,425834,5780
2046,426043,5853
2047,426251,5918
2048,426459,5973
2049,426668,6018
2050,426876,6053
2051,427084,6077
2052,427293,6091
2053,427501,6094
2054,427709,6086
2055,427918,6068
2056,428126,6040
2057,428334,6001
2058,428543,5952
2059,428751,5893
2060,428959,5824
2061,429168,5747
2062,429376,5661
2063,429584,5567
2064,429793,5466
2065,430001,5358
2066,430209,5244
2067,430418,5124
2068,430626,5000
2069,430834,4872
2070,431043,4740
2071,431251,4607
2072,431459,4471
2073,431668,4336
2074,431876,4200
2075,432084,4065
2076,432293,3932
2077,432501,3802
2078,432709,3675
2079,432918,3553
2080,433126,3435
2081,433334,3324
2082,433543,3218
2083,433751,3120
2084,433959,3029
2085,434168,2947
2086,434376,2873
2087,434584,2809
2088,434793,2754
2089,435001,2709
2090,435209,2674
2091,435418,2650
2092,435626,2636
2093,435834,2633
2094,436043,2640
2095,436251,2659
2096,436459,2687
2097,436668,2726
2098,436876,2775
2099,437084,2834
2100,437293,2902
2101,437501,2980
2102,437709,3066
2103,437918,3159
2104,438126,3261
2105,438334,3369
2106,438543,3483
2107,438751,3603
2108,438959,3727
2109,439168,3855
2110,439376,3986
2111,439584,4120
2112,439793,4255
2113,440001,4391
2114,440209,4527
2115,440418,4662
2116,440626,4794
2117,440834,4925
2118,441043,5051
2119,441251,5174
2120,441459,5291
2121,441668,5403
2122,441876,5508
2123,442084,5607
2124,442293,5697
2125,442501,5780
2126,442709,5853
2127,442918,5918
2128,443126,5973
2129,443334,6018
2130,443543,6053
2131,443751,6077
2132,443959,6091
2133,444168,6094
2134,444376,6086
2135,444584,6068
2136,444793,6040
2137,445001,6001
2138,445209,5952
2139,445418,5893
2140,445626,5824
2141,445834,5747
2142,446043,5661
2143,446251,5567
2144,446459,5466
2145,446668,5358
2146,446876,5244
2147,447084,5124
2148,447293,5000
2149,447501,4872
2150,447709,4740
2151,447918,4607
2152,448126,4471
2153,448334,4336
2154,448543,4200
2155,448751,4065
2156,448959,3932
2157,449168,3802
2158,449376,3675
2159,449584,3553
2160,449793,3435
2161,450001,3324
2162,450209,3218
2163,450418,3120
2164,450626,3029
2165,450834,2947
2166,451043,2873
2167,451251,2809
2168,451459,2754
2169,451668,2709
2170,451876,2674
2171,452084,2650
2172,452293,2636
2173,452501,2633
2174,452709,2640
2175,452918,2659
2176,453126,2687
2177,453334,2726
2178,453543,2775
2179,453751,2834
2180,453959,2902
2181,454168,2980
2182,454376,3066
2183,454584,3159
2184,454793,3261
2185,455001,3369
2186,455209,3483
2187,455418,3603
2188,455626,3727
2189,455834,3855
2190,456043,3986
2191,456251,4120
2192,456459,4255
2193,456668,4391
2194,456876,4527
2195,457084,4662
2196,457293,4794
2197,457501,4925
2198,457709,5051
2199,457918,5174
2200,458126,5291
2201,458334,5403
2202,458543,5508
2203,458751,5607
2204,458959,5697
2205,459168,5780
2206,459376,5853
2207,459584,5918
2208,459793,5973
2209,460001,6018
2210,460209,6053
2211,460418,6077
2212,460626,6091
2213,460834,6094
2214,461043,6086
2215,461251,6068
2216,461459,6040
2217,461668,6001
2218,461876,5951
2219,462084,5893
2220,462293,5824
2221,462501,5747
2222,462709,5661
2223,462918,5567
2224,463126,5466
2225,463334,5358
2226,463543,5244
2227,463751,5124
2228,463959,5000
2229,464168,4872
2230,464376,4740
2231,464584,4607
2232,464793,4471
2233,465001,4335
2234,465209,4200
2235,465418,4065
2236,465626,3932
2237,465834,3802
2238,466043,3675
2239,466251,3553
2240,466459,3435
2241,466668,3324
2242,466876,3218
2243,467084,3120
2244,467293,3029
2245,467501,2947
2246,467709,2873
2247,467918,2809
2248,468126,2754
2249,468334,2709
2250,468543,2674
2251,468751,2650
2252,468959,2636
2253,469168,2633
2254,469376,2640
2255,469584,2659
2256,469793,2687
2257,470001,2726
2258,470209,2775
2259,470418,2834
2260,470626,2902
2261,470834,2980
2262,471043,3066
2263,471251,3159
2264,471459,3261
2265,471668,3369
2266,471876,3483
2267,472084,3603
2268,472293,3727
2269,472501,3855
2270,472709,3987
2271,472918,4120
2272,473126,4255
2273,473334,4391
2274,473543,4527
2275,473751,4662
2276,473959,4794
2277,474168,4925
2278,474376,5051
2279,474584,5174
2280,474793,5291
2281,475001,5403
2282,475209,5508
2283,475418,5607
2284,475626,5697
2285,475834,5780
2286,476043,5853
2287,476251,5918
2288,476459,5973
2289,476668,6018
2290,476876,6053
2291,477084,6077
2292,477293,6091
2293,477501,6094
2294,477709,6086
2295,477918,6068
2296,478126,6040
2297,478334,6001
2298,478543,5951
2299,478751,5893
2300,478959,5824
2301,479168,5747
2302,479376,5661
2303,479584,5567
2304,479793,5466
2305,480001,5358
2306,480209,5244
2307,480418,5124
2308,480626,5000
2309,480834,4872
2310,481043,4740
2311,481251,4607
2312,481459,4471
2313,481668,4335
2314,481876,4200
2315,482084,4065
2316,482293,3932
2317,482501,3802
2318,482709,3675
2319,482918,3553
2320,483126,3435
2321,483334,3324
2322,483543,3218
2323,483751,3120
2324,483959,3029
2325,484168,2947
2326,484376,2873
2327,484584,2809
2328,484793,2754
2329,485001,2709
2330,485209,2674
2331,485418,2650
2332,485626,2636
2333,485834,2633
2334,486043,2640
2335,486251,2659
2336,486459,2687
2337,486668,2726
2338,486876,2775
2339,487084,2834
2340,487293,2902
2341,487501,2980
2342,487709,3066
2343,487918,3159
2344,488126,3261
2345,488334,3369
2346,488543,3483
2347,488751,3603
2348,488959,3727
2349,489168,3855
2350,489376,3987
2351,489584,4120
2352,489793,4255
2353,490001,4391
2354,490209,4527
2355,490418,4662
2356,490626,4795
2357,490834,4925
2358,491043,5051
2359,491251,5174
2360,491459,5291
2361,491668,5403
2362,491876,5508
2363,492084,5607
2364,492293,5697
2365,492501,5780
2366,492709,5853
2367,492918,5918
2368,493126,5973
2369,493334,6018
2370,493543,6053
2371,493751,6077
2372,493959,6091
2373,494168,6094
2374,494376,6086
2375,494584,6068
2376,494793,6040
2377,495001,6001
2378,495209,5951
2379,495418,5893
2380,495626,5824
2381,495834,5747
2382,496043,5661
2383,496251,5567
2384,496459,5466
2385,496668,5358
2386,496876,5244
2387,497084,5124
2388,497293,5000
2389,497501,4872
2390,497709,4740
2391,497918,4606
2392,498126,4471
2393,498334,4335
2394,498543,4200
2395,498751,4065
2396,498959,3932
2397,499168,3802
2398,499376,3675
2399,499584,3553
2400,499793,3435
2401,500001,3324
2402,500209,3218
2403,500418,3120
2404,500626,3029
2405,500834,2947
2406,501043,2873
2407,501251,2809
2408,501459,2754
2409,501668,2709
2410,501876,2674
2411,502084,2650
2412,502293,2636
2413,502501,2633
2414,502709,2640
2415,502918,2659
2416,503126,2687
2417,503334,2726
2418,503543,2775
2419,503751,2834
2420,503959,2902
2421,504168,2980
2422,504376,3066
2423,504584,3159
2424,504793,3261
2425,505001,3369
2426,505209,3483
2427,505418,3603
2428,505626,3727
2429,505834,3855
2430,506043,3987
2431,506251,4120
2432,506459,4255
2433,506668,4391
2434,506876,4527
2435,507084,4662
2436,507293,4795
2437,507501,4925
2438,507709,5051
2439,507918,5174
2440,508126,5291
2441,508334,5403
2442,508543,5509
2443,508751,5607
2444,508959,5697
2445,509168,5780
2446,509376,5853
2447,509584,5918
2448,509793,5973
2449,510001,6018
2450,510209,6053
2451,510418,6077
2452,510626,6091
2453,510834,6094
2454,511043,6086
2455,511251,6068
2456,511459,6040
2457,511668,6001
2458,511876,5951
2459,512084,5893
2460,512293,5824
2461,512501,5747
2462,512709,5661
2463,512918,5567
2464,513126,5466
2465,513334,5358
2466,513543,5244
2467,513751,5124
2468,513959,5000
2469,514168,4872
2470,514376,4740
2471,514584,4606
2472,514793,4471
2473,515001,4335
2474,515209,4200
2475,515418,4065
2476,515626,3932
2477,515834,3802
2478,516043,3675
2479,516251,3553
2480,516459,3435
2481,516668,3324
2482,516876,3218
2483,517084,3120
2484,517293,3029
2485,517501,2947
2486,517709,2873
2487,517918,2809
2488,518126,2754
2489,518334,2709
2490,518543,2674
2491,518751,2650
2492,518959,2636
2493,519168,2633
2494,519376,2640
2495,519584,2659
2496,519793,2687
2497,520001,2726
2498,520209,2775
2499,520418,2834
2500,520626,2902
2501,520834,2980
2502,521043,3066
2503,521251,3160
2504,521460,3261
2505,521668,3369
2506,521876,3483
2507,522085,3603
2508,522293,3727
2509,522501,3855
2510,522710,3987
2511,522918,4120
2512,523126,4256
2513,523335,4391
2514,523543,4527
2515,523751,4662
2516,523960,4795
2517,524168,4925
2518,524376,5051
2519,524585,5174
2520,524793,5291
2521,525001,5403
2522,525210,5509
2523,525418,5607
2524,525626,5697
2525,525835,5780
2526,526043,5854
2527,526251,5918
2528,526460,5973
2529,526668,6018
2530,526876,6053
2531,527085,6077
2532,527293,6091
2533,527501,6094
2534,527710,6086
2535,527918,6068
2536,528126,6040
2537,528335,6001
2538,528543,5951
2539,528751,5893
2540,528960,5824
2541,529168,5748
2542,529376,7235
2543,529585,8524
2544,529793,9640
2545,530001,10538
2546,530210,11245
2547,530418,11755
2548,530626,12070
2549,530835,12197
2550,531043,12136
2551,531251,11893
2552,531460,11472
2553,531668,10881
2554,531876,10125
2555,532085,9212
2556,532293,8151
2557,532501,6950
2558,532710,5620
2559,532918,4171
2560,533126,2615
2561,533335,962
2562,533543,-773
2563,533751,-2580
2564,533960,-4443
2565,534168,-6350
2566,534376,-8288
2567,534585,-10242
2568,534793,-12198
2569,535001,-14143
2570,535210,-16062
2571,535418,-17943
2572,535626,-19772
2573,535835,-21535
2574,536043,-23221
2575,536251,-24818
2576,536460,-26313
2577,536668,-27697
2578,536876,-28958
2579,537085,-30086
2580,537293,-31066
2581,537501,-31876
2582,537710,-32471
2583,537918,-32762
2584,538126,-32577
2585,538335,-31629
2586,538543,-29551
2587,538751,-26075
2588,538960,-21327
2589,539168,-15913
2590,539376,-10624
2591,539585,-6042
2592,539793,-2391
2593,540001,368
2594,540210,2400
2595,540418,3893
2596,540626,5003
2597,540835,5859
2598,541043,6547
2599,541251,7130
2600,541460,7652
2601,541668,8142
2602,541876,8621
2603,542085,9105
2604,542293,9606
2605,542501,10132
2606,542710,10694
2607,542918,11297
2608,543126,11951
2609,543335,12662
2610,543543,13435
2611,543751,14276
2612,543960,15188
2613,544168,16171
2614,544376,17223
2615,544585,18334
2616,544793,19491
2617,545001,20675
2618,545210,21861
2619,545418,23021
2620,545626,24126
2621,545835,25146
2622,546043,26057
2623,546251,26836
2624,546460,27467
2625,546668,27937
2626,546876,28239
2627,547085,28367
2628,547293,28321
2629,547501,28099
2630,547710,27703
2631,547918,27136
2632,548126,26401
2633,548335,25505
2634,548543,24452
2635,548751,23250
2636,548960,21907
2637,549168,20431
2638,549376,18833
2639,549585,17121
2640,549793,15308
2641,550001,13404
2642,550210,11423
2643,550418,9376
2644,550626,7277
2645,550835,5139
2646,551043,2976
2647,551251,801
2648,551460,-1372
2649,551668,-3529
2650,551876,-5656
2651,552085,-7741
2652,552293,-9769
2653,552501,-11728
2654,552710,-13606
2655,552918,-15390
2656,553126,-17070
2657,553335,-18634
2658,553543,-20073
2659,553751,-21378
2660,553960,-22539
2661,554168,-23549
2662,554376,-24400
2663,554585,-25083
2664,554793,-25585
2665,555001,-25886
2666,555210,-25950
2667,555418,-25716
2668,555626,-25091
2669,555835,-23949
2670,556043,-22159
2671,556251,-19646
2672,556460,-16468
2673,556668,-12849
2674,556876,-9116
2675,557085,-5581
2676,557293,-2452
2677,557501,188
2678,557710,2354
2679,557918,4115
2680,558126,5554
2681,558335,6756
2682,558543,7790
2683,558751,8717
2684,558960,9581
2685,559168,10420
2686,559376,11260
2687,559585,12126
2688,559793,13035
2689,560001,14002
2690,560210,15038
2691,560418,16149
2692,560626,17336
2693,560835,18596
2694,561043,19917
2695,561251,21281
2696,561460,22664
2697,561668,24037
2698,561876,25369
2699,562085,26629
2700,562293,27791
2701,562501,28831
2702,562710,29730
2703,562918,30475
2704,563126,31057
2705,563335,31470
2706,563543,31709
2707,563751,31774
2708,563960,31663
2709,564168,31377
2710,564376,30918
2711,564585,30290
2712,564793,29495
2713,565001,28539
2714,565210,27428
2715,565418,26169
2716,565626,24770
2717,565835,23239
2718,566043,21587
2719,566251,19822
2720,566460,17957
2721,566668,16003
2722,566876,13972
2723,567085,11877
2724,567293,9730
2725,567501,7545
2726,567710,5336
2727,567918,3116
2728,568126,899
2729,568335,-1301
2730,568543,-3471
2731,568751,-5597
2732,568960,-7666
2733,569168,-9666
2734,569376,-11583
2735,569585,-13405
2736,569793,-15123
2737,570001,-16724
2738,570210,-18199
2739,570418,-19539
2740,570626,-20736
2741,570835,-21781
2742,571043,-22669
2743,571251,-23394
2744,571460,-23951
2745,571668,-24338
2746,571876,-24550
2747,572085,-24587
2748,572293,-24446
2749,572501,-24124
2750,572710,-23616
2751,572918,-22913
2752,573126,-21998
2753,573335,-20849
2754,573543,-19438
2755,573751,-17738
2756,573960,-15734
2757,574168,-13441
2758,574376,-10910
2759,574585,-8227
2760,574793,-5500
2761,575001,-2833
2762,575210,-308
2763,575418,2028
2764,575626,4161
2765,575835,6105
2766,576043,7886
2767,576251,9544
2768,576460,11116
2769,576668,12636
2770,576876,14135
2771,577085,15634
2772,577293,17145
2773,577501,18672
2774,577710,20211
2775,577918,21747
2776,578126,23260
2777,578335,24727
2778,578543,26121
2779,578751,27418
2780,578960,28597
2781,579168,29641
2782,579376,30535
2783,579585,31270
2784,579793,31840
2785,580001,32239
2786,580210,32465
2787,580418,32515
2788,580626,32391
2789,580835,32091
2790,581043,31619
2791,581251,30978
2792,581460,30170
2793,581668,29202
2794,581876,28079
2795,582085,26808
2796,582293,25397
2797,582501,23855
2798,582710,22191
2799,582918,20415
2800,583126,18539
2801,583335,16575
2802,583543,14533
2803,583751,12427
2804,583960,10271
2805,584168,8076
2806,584376,5857
2807,584585,3627
2808,584793,1401
2809,585001,-808
2810,585210,-2987
2811,585418,-5122
2812,585626,-7200
2813,585835,-9207
2814,586043,-11133
2815,586251,-12964
2816,586460,-14689
2817,586668,-16298
2818,586876,-17781
2819,587085,-19128
2820,587293,-20332
2821,587501,-21385
2822,587710,-22280
2823,587918,-23012
2824,588126,-23576
2825,588335,-23969
2826,588543,-24188
2827,588751,-24233
2828,588960,-24102
2829,589168,-23795
2830,589376,-23313
2831,589585,-22656
2832,589793,-21821
2833,590001,-20807
2834,590210,-19604
2835,590418,-18206
2836,590626,-16603
2837,590835,-14792
2838,591043,-12779
2839,591251,-10588
2840,591460,-8258
2841,591668,-5843
2842,591876,-3406
2843,592085,-1002
2844,592293,1324
2845,592501,3546
2846,592710,5654
2847,592918,7656
2848,593126,9565
2849,593335,11404
2850,593543,13191
2851,593751,14944
2852,593960,16673
2853,594168,18383
2854,594376,20068
2855,594585,21717
2856,594793,23314
2857,595001,24839
2858,595210,26271
2859,595418,27590
2860,595626,28781
2861,595835,29829
2862,596043,30724
2863,596251,31458
2864,596460,32025
2865,596668,32421
2866,596876,32644
2867,597085,32692
2868,597293,32564
2869,597501,32262
2870,597710,31787
2871,597918,31142
2872,598126,30332
2873,598335,29361
2874,598543,28235
2875,598751,26961
2876,598960,25548
2877,599168,24003
2878,599376,22337
2879,599585,20559
2880,599793,18680
2881,600001,16713
2882,600210,14669
2883,600418,12561
2884,600626,10402
2885,600835,8206
2886,601043,5984
2887,601251,3753
2888,601460,1524
2889,601668,-687
2890,601876,-2868
2891,602085,-5005
2892,602293,-7084
2893,602501,-9094
2894,602710,-11021
2895,602918,-12853
2896,603126,-14580
2897,603335,-16191
2898,603543,-17676
2899,603751,-19025
2900,603960,-20230
2901,604168,-21284
2902,604376,-22181
2903,604585,-22914
2904,604793,-23480
2905,605001,-23875
2906,605210,-24096
2907,605418,-24142
2908,605626,-24012
2909,605835,-23708
2910,606043,-23230
2911,606251,-22580
2912,606460,-21759
2913,606668,-20769
2914,606876,-19608
2915,607085,-18275
2916,607293,-16766
2917,607501,-15082
2918,607710,-13226
2919,607918,-11210
2920,608126,-9057
2921,608335,-6801
2922,608543,-4484
2923,608751,-2148
2924,608960,166
2925,609168,2427
2926,609376,4617
2927,609585,6731
2928,609793,8770
2929,610001,10745
2930,610210,12666
2931,610418,14544
2932,610626,16384
2933,610835,18188
2934,611043,19950
2935,611251,21659
2936,611460,23299
2937,611668,24853
2938,611876,26304
2939,612085,27635
2940,612293,28831
2941,612501,29882
2942,612710,30778
2943,612918,31512
2944,613126,32078
2945,613335,32474
2946,613543,32695
2947,613751,32742
2948,613960,32614
2949,614168,32311
2950,614376,31835
2951,614585,31190
2952,614793,30379
2953,615001,29407
2954,615210,28281
2955,615418,27006
2956,615626,25592
2957,615835,24047
2958,616043,22380
2959,616251,20601
2960,616460,18722
2961,616668,16755
2962,616876,14710
2963,617085,12602
2964,617293,10442
2965,617501,8245
2966,617710,6023
2967,617918,3791
2968,618126,1562
2969,618335,-650
2970,618543,-2831
2971,618751,-4968
2972,618960,-7048
2973,619168,-9058
2974,619376,-10986
2975,619585,-12819
2976,619793,-14546
2977,620001,-16157
2978,620210,-17642
2979,620418,-18992
2980,620626,-20198
2981,620835,-21252
2982,621043,-22149
2983,621251,-22883
2984,621460,-23449
2985,621668,-23844
2986,621876,-24065
2987,622085,-24111
2988,622293,-23982
2989,622501,-23678
2990,622710,-23201
2991,622918,-22554
2992,623126,-21737
2993,623335,-20755
2994,623543,-19609
2995,623751,-18299
2996,623960,-16826
2997,624168,-15192
2998,624376,-13400
2999,624585,-11462
3000,624793,-9393
3001,625001,-7219
3002,625210,-4972
3003,625418,-2687
3004,625627,-399
3005,625835,1863
3006,626043,4079
3007,626252,6237
3008,626460,8337
3009,626668,10379
3010,626877,12369
3011,627085,14314
3012,627293,16216
3013,627502,18072
3014,627710,19877
3015,627918,21618
3016,628127,23282
3017,628335,24853
3018,628543,26314
3019,628752,27650
3020,628960,28850
3021,629168,29902
3022,629377,30798
3023,629585,31532
3024,629793,32099
3025,630002,32494
3026,630210,32715
3027,630418,32762
3028,630627,32633
3029,630835,32330
3030,631043,31854
3031,631252,31209
3032,631460,30397
3033,631668,29425
3034,631877,28299
3035,632085,27024
3036,632293,25610
3037,632502,24064
3038,632710,22397
3039,632918,20618
3040,633127,18739
3041,633335,16771
3042,633543,14727
3043,633752,12618
3044,633960,10458
3045,634168,8261
3046,634377,6039
3047,634585,3806
3048,634793,3680
3049,635002,3346
3050,635210,3241
3051,635418,3050
3052,635627,2988
3053,635835,2892
3054,636043,2862
3055,636252,2830
3056,636460,2831
3057,636668,2842
3058,636877,2871
3059,637085,2913
3060,637293,2968
3061,637502,3034
3062,637710,3111
3063,637918,3198
3064,638127,3293
3065,638335,3396
3066,638543,3506
3067,638752,3622
3068,638960,3744
3069,639168,3870
3070,639377,3999
3071,639585,4131
3072,639793,4265
3073,640002,4400
3074,640210,4534
3075,640418,4668
3076,640627,4800
3077,640835,4930
3078,641043,5056
3079,641252,5178
3080,641460,5295
3081,641668,5406
3082,641877,5512
3083,642085,5610
3084,642293,5700
3085,642502,5782
3086,642710,5856
3087,642918,5920
3088,643127,5975
3089,643335,6019
3090,643543,6054
3091,643752,6078
3092,643960,6092
3093,644168,6095
3094,644377,6087
3095,644585,6069
3096,644793,6040
3097,645002,6001
3098,645210,5952
3099,645418,5893
3100,645627,5825
3101,645835,5747
3102,646043,5661
3103,646252,5568
3104,646460,5466
3105,646668,5358
3106,646877,5244
3107,647085,5124
3108,647293,5000
3109,647502,4871
3110,647710,4740
3111,647918,4606
3112,648127,4471
3113,648335,4335
3114,648543,4200
3115,648752,4065
3116,648960,3932
3117,649168,3802
3118,649377,3675
3119,649585,3553
3120,649793,3435
3121,650002,3323
3122,650210,3218
3123,650418,3120
3124,650627,3029
3125,650835,2947
3126,651043,2873
3127,651252,2809
3128,651460,2754
3129,651668,2709
3130,651877,2674
3131,652085,2650
3132,652293,2636
3133,652502,2633
3134,652710,2641
3135,652918,2659
3136,653127,2688
3137,653335,2727
3138,653543,2776
3139,653752,2835
3140,653960,2903
3141,654168,2980
3142,654377,3066
3143,654585,3160
3144,654793,3261
3145,655002,3369
3146,655210,3484
3147,655418,3603
3148,655627,3728
3149,655835,3856
3150,656043,3987
3151,656252,4121
3152,656460,4256
3153,656668,4392
3154,656877,4528
3155,657085,4662
3156,657293,4795
3157,657502,4925
3158,657710,5052
3159,657918,5175
3160,658127,5292
3161,658335,5404
3162,658543,5509
3163,658752,5607
3164,658960,5698
3165,659168,5780
3166,659377,5854
3167,659585,5918
3168,659793,5973
3169,660002,6018
3170,660210,6053
3171,660418,6077
3172,660627,6091
3173,660835,6094
3174,661043,6086
3175,661252,6068
3176,661460,6039
3177,661668,6000
3178,661877,5951
3179,662085,5892
3180,662293,5824
3181,662502,5747
3182,662710,5661
3183,662918,5567
3184,663127,5465
3185,663335,5357
3186,663543,5243
3187,663752,5123
3188,663960,4999
3189,664168,4871
3190,664377,4739
3191,664585,4606
3192,664793,4470
3193,665002,4335
3194,665210,4199
3195,665418,4064
3196,665627,3931
3197,665835,3801
3198,666043,3675
3199,666252,3552
3200,666460,3435
3201,666668,3323
3202,666877,3218
3203,667085,3119
3204,667293,3029
3205,667502,2946
3206,667710,2873
3207,667918,2808
3208,668127,2754
3209,668335,2709
3210,668543,2674
3211,668752,2650
3212,668960,2636
3213,669168,2633
3214,669377,2640
3215,669585,2659
3216,669793,2687
3217,670002,2726
3218,670210,2775
3219,670418,2834
3220,670627,2903
3221,670835,2980
3222,671043,3066
3223,671252,3160
3224,671460,3261
3225,671668,3369
3226,671877,3483
3227,672085,3603
3228,672293,3727
3229,672502,3856
3230,672710,3987
3231,672918,4121
3232,673127,4256
3233,673335,4392
3234,673543,4527
3235,673752,4662
3236,673960,4795
3237,674168,4925
3238,674377,5052
3239,674585,5174
3240,674793,5292
3241,675002,5404
3242,675210,5509
3243,675418,5607
3244,675627,5698
3245,675835,5780
3246,676043,5854
3247,676252,5918
3248,676460,5973
3249,676668,6018
3250,676877,6053
3251,677085,6077
3252,677293,6091
3253,677502,6094
3254,677710,6086
3255,677918,6068
3256,678127,6039
3257,678335,6000
3258,678543,5951
3259,678752,5892
3260,678960,5824
3261,679168,5746
3262,679377,5660
3263,679585,5567
3264,679793,5465
3265,680002,5357
3266,680210,5243
3267,680418,5123
3268,680627,4999
3269,680835,4871
3270,681043,4739
3271,681252,4605
3272,681460,4470
3273,681668,4334
3274,681877,4199
3275,682085,4064
3276,682293,3931
3277,682502,3801
3278,682710,3674
3279,682918,3552
3280,683127,3435
3281,683335,3323
3282,683543,3217
3283,683752,3119
3284,683960,3029
3285,684168,2946
3286,684377,2873
3287,684585,2808
3288,684793,2753
3289,685002,2709
3290,685210,2674
3291,685418,2650
3292,685627,2636
3293,685835,2633
3294,686043,2640
3295,686252,2658
3296,686460,2687
3297,686668,2726
3298,686877,2775
3299,687085,2834
3300,687293,2903
3301,687502,2980
3302,687710,3066
3303,687918,3160
3304,688127,3261
3305,688335,3369
3306,688543,3483
3307,688752,3603
3308,688960,3727
3309,689168,3856
3310,689377,3987
3311,689585,4121
3312,689793,4256
3313,690002,4392
3314,690210,4527
3315,690418,4662
3316,690627,4795
3317,690835,4925
3318,691043,5052
3319,691252,5174
3320,691460,5292
3321,691668,5403
3322,691877,5509
3323,692085,5607
3324,692293,5698
3325,692502,5780
3326,692710,5854
3327,692918,5918
3328,693127,5973
3329,693335,6018
3330,693543,6053
3331,693752,6077
3332,693960,6091
3333,694168,6094
3334,694377,6086
3335,694585,6068
3336,694793,6039
3337,695002,6000
3338,695210,5951
3339,695418,5892
3340,695627,5824
3341,695835,5746
3342,696043,5660
3343,696252,5566
3344,696460,5465
3345,696668,5357
3346,696877,5243
3347,697085,5123
3348,697293,4999
3349,697502,4870
3350,697710,4739
3351,697918,4605
3352,698127,4470
3353,698335,4334
3354,698543,4199
3355,698752,4064
3356,698960,3931
3357,699168,3801
3358,699377,3674
3359,699585,3552
3360,699793,3434
3361,700002,3323
3362,700210,3217
3363,700418,3119
3364,700627,3029
3365,700835,2946
3366,701043,2873
3367,701252,2808
3368,701460,2753
3369,701668,2709
3370,701877,2674
3371,702085,2649
3372,702293,2636
3373,702502,2633
3374,702710,2640
3375,702918,2658
3376,703127,2687
3377,703335,2726
3378,703543,2775
3379,703752,2834
3380,703960,2903
3381,704168,2980
3382,704377,3066
3383,704585,3160
3384,704793,3261
3385,705002,3369
3386,705210,3483
3387,705418,3603
3388,705627,3727
3389,705835,3856
3390,706043,3987
3391,706252,4121
3392,706460,4256
3393,706668,4392
3394,706877,4527
3395,707085,4662
3396,707293,4795
3397,707502,4925
3398,707710,5052
3399,707918,5174
3400,708127,5292
3401,708335,5403
3402,708543,5509
3403,708752,5607
3404,708960,5698
3405,709168,5780
3406,709377,5854
3407,709585,5918
3408,709793,5973
3409,710002,6018
3410,710210,6053
3411,710418,6077
3412,710627,6091
3413,710835,6094
3414,711043,6086
3415,711252,6068
3416,711460,6039
3417,711668,6000
3418,711877,5951
3419,712085,5892
3420,712293,5824
3421,712502,5746
3422,712710,5660
3423,712918,5566
3424,713127,5465
3425,713335,5357
3426,713543,5243
3427,713752,5123
3428,713960,4999
3429,714168,4870
3430,714377,4739
3431,714585,4605
3432,714793,4470
3433,715002,4334
3434,715210,4199
3435,715418,4064
3436,715627,3931
3437,715835,3801
3438,716043,3674
3439,716252,3552
3440,716460,3434
3441,716668,3323
3442,716877,3217
3443,717085,3119
3444,717293,3029
3445,717502,2946
3446,717710,2873
3447,717918,2808
3448,718127,2753
3449,718335,2708
3450,718543,2674
3451,718752,2649
3452,718960,2636
3453,719168,2633
3454,719377,2640
3455,719585,2658
3456,719793,2687
3457,720002,2726
3458,720210,2775
3459,720418,2834
3460,720627,2903
3461,720835,2980
3462,721043,3066
3463,721252,3160
3464,721460,3261
3465,721668,3369
3466,721877,3483
3467,722085,3603
3468,722293,3727
3469,722502,3856
3470,722710,3987
3471,722918,4121
3472,723127,4256
3473,723335,4392
3474,723543,4527
3475,723752,4662
3476,723960,4795
3477,724168,4925
3478,724377,5052
3479,724585,5174
3480,724793,5292
3481,725002,5403
3482,725210,5509
3483,725418,5607
3484,725627,5698
3485,725835,5780
3486,726043,5854
3487,726252,5918
3488,726460,5973
3489,726668,6018
3490,726877,6053
3491,727085,6077
3492,727293,6091
3493,727502,6094
3494,727710,6086
3495,727918,6068
3496,728127,6039
3497,728335,6000
3498,728543,5951
3499,728752,5892
3500,728960,5824
3501,729168,5746
3502,729377,5660
3503,729585,5566
3504,729794,5465
3505,730002,5357
3506,730210,5243
3507,730419,5123
3508,730627,4999
3509,730835,4870
3510,731044,4739
3511,731252,4605
3512,731460,4470
3513,731669,4334
3514,731877,4199
3515,732085,4064
3516,732294,3931
3517,732502,3801
3518,732710,3674
3519,732919,3552
3520,733127,3434
3521,733335,3323
3522,733544,3217
3523,733752,3119
3524,733960,3029
3525,734169,2946
3526,734377,2873
3527,734585,2808
3528,734794,2753
3529,735002,2708
3530,735210,2674
3531,735419,2649
3532,735627,2636
3533,735835,2633
3534,736044,2640
3535,736252,2658
3536,736460,2687
3537,736669,2726
3538,736877,2775
3539,737085,2834
3540,737294,2903
3541,737502,2980
3542,737710,3066
3543,737919,3160
3544,738127,3261
3545,738335,3369
3546,738544,3483
3547,738752,3603
3548,738960,3727
3549,739169,3856
3550,739377,3987
3551,739585,4121
3552,739794,4256
3553,740002,4392
3554,740210,4527
3555,740419,4662
3556,740627,4795
3557,740835,4925
3558,741044,5052
3559,741252,5174
3560,741460,5292
3561,741669,5403
3562,741877,5509
3563,742085,5607
3564,742294,5698
3565,742502,5780
3566,742710,5854
3567,742919,5918
3568,743127,5973
3569,743335,6018
3570,743544,6053
3571,743752,6077
3572,743960,6091
3573,744169,6094
3574,744377,6086
3575,744585,6068
3576,744794,6039
3577,745002,6000
3578,745210,5951
3579,745419,5892
3580,745627,5824
3581,745835,5746
3582,746044,5660
3583,746252,5566
3584,746460,5465
3585,746669,5357
3586,746877,5243
3587,747085,5123
3588,747294,4999
3589,747502,4870
3590,747710,4739
3591,747919,4605
3592,748127,4470
3593,748335,4334
3594,748544,4198
3595,748752,4064
3596,748960,3931
3597,749169,3801
3598,749377,3674
3599,749585,3552
3600,749794,3434
3601,750002,3323
3602,750210,3217
3603,750419,3119
3604,750627,3029
3605,750835,2946
3606,751044,2873
3607,751252,2808
3608,751460,2753
3609,751669,2708
3610,751877,2674
3611,752085,2649
3612,752294,2636
3613,752502,2633
3614,752710,2640
3615,752919,2658
3616,753127,2687
3617,753335,2726
3618,753544,2775
3619,753752,2834
3620,753960,2903
3621,754169,2980
3622,754377,3066
3623,754585,3160
3624,754794,3261
3625,755002,3369
3626,755210,3483
3627,755419,3603
3628,755627,3727
3629,755835,3856
3630,756044,3987
3631,756252,4121
3632,756460,4256
3633,756669,4392
3634,756877,4527
3635,757085,4662
3636,757294,4795
3637,757502,4925
3638,757710,5052
3639,757919,5174
3640,758127,5292
3641,758335,5403
3642,758544,5509
3643,758752,5607
3644,758960,5698
3645,759169,5780
3646,759377,5854
3647,759585,5918
3648,759794,5973
3649,760002,6018
3650,760210,6053
3651,760419,6077
3652,760627,6091
3653,760835,6094
3654,761044,6086
3655,761252,6068
3656,761460,6039
3657,761669,6000
3658,761877,5951
3659,762085,5892
3660,762294,5823
3661,762502,5746
3662,762710,5660
3663,762919,5566
3664,763127,5465
3665,763335,5357
3666,763544,5243
3667,763752,5123
3668,763960,4999
3669,764169,4870
3670,764377,4739
3671,764585,4605
3672,764794,4470
3673,765002,4334
3674,765210,4198
3675,765419,4064
3676,765627,3931
3677,765835,3801
3678,766044,3674
3679,766252,3552
3680,766460,3434
3681,766669,3323
3682,766877,3217
3683,767085,3119
3684,767294,3028
3685,767502,2946
3686,767710,2873
3687,767919,2808
3688,768127,2753
3689,768335,2708
3690,768544,2674
3691,768752,2649
3692,768960,2636
3693,769169,2633
3694,769377,2640
3695,769585,2658
3696,769794,2687
3697,770002,2726
3698,770210,2775
3699,770419,2834
3700,770627,2903
3701,770835,2980
3702,771044,3066
3703,771252,3160
3704,771460,3261
3705,771669,3369
3706,771877,3483
3707,772085,3603
3708,772294,3727
3709,772502,3856
3710,772710,3987
3711,772919,4121
3712,773127,4256
3713,773335,4392
3714,773544,4528
3715,773752,4662
3716,773960,4795
3717,774169,4925
3718,774377,5052
3719,774585,5174
3720,774794,5292
3721,775002,5404
3722,775210,5509
3723,775419,5607
3724,775627,5698
3725,775835,5780
3726,776044,5854
3727,776252,5918
3728,776460,5973
3729,776669,6018
3730,776877,6053
3731,777085,6077
3732,777294,6091
3733,777502,6094
3734,777710,6086
3735,777919,6068
3736,778127,6039
3737,778335,6000
3738,778544,5951
3739,778752,5892
3740,778960,5823
3741,779169,5746
3742,779377,5660
3743,779585,5566
3744,779794,5465
3745,780002,5357
3746,780210,5243
3747,780419,5123
3748,780627,4999
3749,780835,4870
3750,781044,4739
3751,781252,4605
3752,781460,4470
3753,781669,4334
3754,781877,4198
3755,782085,4064
3756,782294,3931
3757,782502,3801
3758,782710,3674
3759,782919,3552
3760,783127,3434
3761,783335,3323
3762,783544,3217
3763,783752,3119
3764,783960,3028
3765,784169,2946
3766,784377,2873
3767,784585,2808
3768,784794,2753
3769,785002,2708
3770,785210,2674
3771,785419,2649
3772,785627,2636
3773,785835,2633
3774,786044,2640
3775,786252,2658
3776,786460,2687
3777,786669,2726
3778,786877,2775
3779,787085,2834
3780,787294,2903
3781,787502,2980
3782,787710,3066
3783,787919,3160
3784,788127,3261
3785,788335,3369
3786,788544,3483
3787,788752,3603
3788,788960,3727
3789,789169,3856
3790,789377,3987
3791,789585,4121
3792,789794,4256
3793,790002,4392
3794,790210,4528
3795,790419,4662
3796,790627,4795
3797,790835,4925
3798,791044,5052
3799,791252,5174
3800,791460,5292
3801,791669,5404
3802,791877,5509
3803,792085,5607
3804,792294,5698
3805,792502,5780
3806,792710,5854
3807,792919,5918
3808,793127,5973
3809,793335,6018
3810,793544,6053
3811,793752,6077
3812,793960,6091
3813,794169,6094
3814,794377,6086
3815,794585,6068
3816,794794,6039
3817,795002,6000
3818,795210,5951
3819,795419,5892
3820,795627,5823
3821,795835,5746
3822,796044,5660
3823,796252,5566
3824,796460,5465
3825,796669,5357
3826,796877,5243
3827,797085,5123
3828,797294,4998
3829,797502,4870
3830,797710,4739
3831,797919,4605
3832,798127,4470
3833,798335,4334
3834,798544,4198
3835,798752,4064
3836,798960,3931
3837,799169,3801
3838,799377,3674
3839,799585,3552
3840,799794,3434
3841,800002,3322
3842,800210,3217
3843,800419,3119
3844,800627,3028
3845,800835,2946
3846,801044,2872
3847,801252,2808
3848,801460,2753
3849,801669,2708
3850,801877,2674
3851,802085,2649
3852,802294,2636
3853,802502,2633
3854,802710,2640
3855,802919,2658
3856,803127,2687
3857,803335,2726
3858,803544,2775
3859,803752,2834
3860,803960,2903
3861,804169,2980
3862,804377,3066
3863,804585,3160
3864,804794,3261
3865,805002,3369
3866,805210,3483
3867,805419,3603
3868,805627,3727
3869,805835,3856
3870,806044,3987
3871,806252,4121
3872,806460,4256
3873,806669,4392
3874,806877,4528
3875,807085,4662
3876,807294,4795
3877,807502,4925
3878,807710,5052
3879,807919,5174
3880,808127,5292
3881,808335,5404
3882,808544,5509
3883,808752,5607
3884,808960,5698
3885,809169,5780
3886,809377,5854
3887,809585,5918
3888,809794,5973
3889,810002,6018
3890,810210,6053
3891,810419,6077
3892,810627,6091
3893,810835,6094
3894,811044,6086
3895,811252,6068
3896,811460,6039
3897,811669,6000
3898,811877,5951
3899,812085,5892
3900,812294,5823
3901,812502,5746
3902,812710,5660
3903,812919,5566
3904,813127,5465
3905,813335,5357
3906,813544,5242
3907,813752,5123
3908,813960,4998
3909,814169,4870
3910,814377,4739
3911,814585,4605
3912,814794,4470
3913,815002,4334
3914,815210,4198
3915,815419,4064
3916,815627,3931
3917,815835,3801
3918,816044,3674
3919,816252,3552
3920,816460,3434
3921,816669,3322
3922,816877,3217
3923,817085,3119
3924,817294,3028
3925,817502,2946
3926,817710,2872
3927,817919,2808
3928,818127,2753
3929,818335,2708
3930,818544,2674
3931,818752,2649
3932,818960,2636
3933,819169,2633
3934,819377,2640
3935,819585,2658
3936,819794,2687
3937,820002,2726
3938,820210,2775
3939,820419,2834
3940,820627,2903
3941,820835,2980
3942,821044,3066
3943,821252,3160
3944,821460,3261
3945,821669,3369
3946,821877,3483
3947,822085,3603
3948,822294,3727
3949,822502,3856
3950,822710,3987
3951,822919,4121
3952,823127,4256
3953,823335,4392
3954,823544,4528
3955,823752,4662
3956,823960,4795
3957,824169,4925
3958,824377,5052
3959,824585,5174
3960,824794,5292
3961,825002,5404
3962,825210,5509
3963,825419,5607
3964,825627,5698
3965,825835,5780
3966,826044,5854
3967,826252,5918
3968,826460,5973
3969,826669,6018
3970,826877,6053
3971,827085,6077
3972,827294,6091
3973,827502,6094
3974,827710,6086
3975,827919,6068
3976,828127,6039
3977,828335,6000
3978,828544,5951
3979,828752,5892
3980,828960,5823
3981,829169,5746
3982,829377,5660
3983,829585,5566
3984,829794,5465
3985,830002,5357
3986,830210,5242
3987,830419,5123
3988,830627,4998
3989,830835,4870
3990,831044,4739
3991,831252,4605
3992,831460,4492
3993,831669,4413
3994,831877,4314
3995,832085,4234
3996,832294,4143
3997,832502,4064
3998,832710,3980
3999,832919,3905
4000,833127,3827
4001,833335,3758
4002,833544,3689
4003,833752,3627
4004,833961,3568
4005,834169,3515
4006,834377,3468
4007,834586,3428
4008,834794,3391
4009,835002,3364
4010,835211,3339
4011,835419,3323
4012,835627,3312
4013,835836,3309
4014,836044,3310
4015,836252,3319
4016,836461,3334
4017,836669,3356
4018,836877,3383
4019,837086,3417
4020,837294,3451
4021,837502,3498
4022,837711,3544
4023,837919,3601
4024,838127,3657
4025,838336,3722
4026,838544,3788
4027,838752,3860
4028,838961,3933
4029,839169,4010
4030,839377,4089
4031,839586,4170
4032,839794,4251
4033,840002,4334
4034,840211,4417
4035,840419,4500
4036,840627,4581
4037,840836,4662
4038,841044,4740
4039,841252,4817
4040,841461,4890
4041,841669,4960
4042,841877,5027
4043,842086,5089
4044,842294,5147
4045,842502,5201
4046,842711,5249
4047,842919,5291
4048,843127,5328
4049,843336,5359
4050,843544,5384
4051,843752,5402
4052,843961,5414
4053,844169,5420
4054,844377,5419
4055,844586,5411
4056,844794,5398
4057,845002,5377
4058,845211,5351
4059,845419,5318
4060,845627,5280
4061,845836,5235
4062,846044,5186
4063,846252,5131
4064,846461,5072
4065,846669,5008
4066,846877,4940
4067,847086,4869
4068,847294,4795
4069,847502,4718
4070,847711,4639
4071,847919,4558
4072,848127,4475
4073,848336,4393
4074,848544,4310
4075,848752,4227
4076,848961,4145
4077,849169,4065
4078,849377,3986
4079,849586,3910
4080,849794,3836
4081,850002,3766
4082,850211,3699
4083,850419,3637
4084,850627,3579
4085,850836,3525
4086,851044,3477
4087,851252,3435
4088,851461,3398
4089,851669,3367
4090,851877,3342
4091,852086,3324
4092,852294,3312
4093,852502,3306
4094,852711,3307
4095,852919,3314
4096,853127,3328
4097,853336,3349
4098,853544,3375
4099,853752,3408
4100,853961,3446
4101,854169,3490
4102,854377,3540
4103,854586,3595
4104,854794,3654
4105,855002,3718
4106,855211,3785
4107,855419,3857
4108,855627,3931
4109,855836,4008
4110,856044,4087
4111,856252,4168
4112,856461,4250
4113,856669,4333
4114,856877,4416
4115,857086,4499
4116,857294,4581
4117,857502,4661
4118,857711,4740
4119,857919,4816
4120,858127,4890
4121,858336,4960
4122,858544,5027
4123,858752,5089
4124,858961,5147
4125,859169,5200
4126,859377,5249
4127,859586,5291
4128,859794,5328
4129,860002,5359
4130,860211,5384
4131,860419,5402
4132,860627,5414
4133,860836,5420
4134,861044,5419
4135,861252,5411
4136,861461,5398
4137,861669,5377
4138,861877,5351
4139,862086,5318
4140,862294,5280
4141,862502,5235
4142,862711,5186
4143,862919,5131
4144,863127,5072
4145,863336,5008
4146,863544,4940
4147,863752,4869
4148,863961,4795
4149,864169,4718
4150,864377,4638
4151,864586,4558
4152,864794,4475
4153,865002,4393
4154,865211,4310
4155,865419,4227
4156,865627,4145
4157,865836,4065
4158,866044,3986
4159,866252,3910
4160,866461,3836
4161,866669,3766
4162,866877,3699
4163,867086,3637
4164,867294,3579
4165,867502,3525
4166,867711,3477
4167,867919,3435
4168,868127,3398
4169,868336,3367
4170,868544,3342
4171,868752,3324
4172,868961,3312
4173,869169,3306
4174,869377,3307
4175,869586,3314
4176,869794,3328
4177,870002,3349
4178,870211,3375
4179,870419,3408
4180,870627,3446
4181,870836,3490
4182,871044,3540
4183,871252,3595
4184,871461,3654
4185,871669,3718
4186,871877,3785
4187,872086,3857
4188,872294,3931
4189,872502,4008
4190,872711,4087
4191,872919,4168
4192,873127,4250
4193,873336,4333
4194,873544,4416
4195,873752,4499
4196,873961,4581
4197,874169,4661
4198,874377,4740
4199,874586,4816
4200,874794,4890
4201,875002,4960
4202,875211,5027
4203,875419,5089
4204,875627,5147
4205,875836,5200
4206,876044,5249
4207,876252,5291
4208,876461,5328
4209,876669,5359
4210,876877,5384
4211,877086,5402
4212,877294,5414
4213,877502,5420
4214,877711,5419
4215,877919,5411
4216,878127,5398
4217,878336,5377
4218,878544,5351
4219,878752,5318
4220,878961,5280
4221,879169,5235
4222,879377,5186
4223,879586,5131
4224,879794,5072
4225,880002,5008
4226,880211,4940
4227,880419,4869
4228,880627,4795
4229,880836,4718
4230,881044,4638
4231,881252,4558
4232,881461,4475
4233,881669,4393
4234,881877,4310
4235,882086,4227
4236,882294,4145
4237,882502,4065
4238,882711,3986
4239,882919,3910
4240,883127,3836
4241,883336,3766
4242,883544,3699
4243,883752,3637
4244,883961,3579
4245,884169,3525
4246,884377,3477
4247,884586,3435
4248,884794,3398
4249,885002,3367
4250,885211,3342
4251,885419,3324
4252,885627,3312
4253,885836,3306
4254,886044,3307
4255,886252,3314
4256,886461,3328
4257,886669,3349
4258,886877,3375
4259,887086,3408
4260,887294,3446
4261,887502,3490
4262,887711,3540
4263,887919,3595
4264,888127,3654
4265,888336,3718
4266,888544,3785
4267,888752,3857
4268,888961,3931
4269,889169,4008
4270,889377,4087
4271,889586,4168
4272,889794,4250
4273,890002,4333
4274,890211,4416
4275,890419,4499
4276,890627,4581
4277,890836,4661
4278,891044,4740
4279,891252,4816
4280,891461,4890
4281,891669,4960
4282,891877,5027
4283,892086,5089
4284,892294,5147
4285,892502,5201
4286,892711,5249
4287,892919,5291
4288,893127,5328
4289,893336,5359
4290,893544,5384
4291,893752,5402
4292,893961,5414
4293,894169,5420
4294,894377,5419
4295,894586,5411
4296,894794,5398
4297,895002,5377
4298,895211,5351
4299,895419,5318
4300,895627,5280
4301,895836,5235
4302,896044,5186
4303,896252,5131
4304,896461,5072
4305,896669,5008
4306,896877,4940
4307,897086,4869
4308,897294,4795
4309,897502,4718
4310,897711,4638
4311,897919,4557
4312,898127,4475
4313,898336,4393
4314,898544,4310
4315,898752,4227
4316,898961,4145
4317,899169,4064
4318,899377,3986
4319,899586,3910
4320,899794,3836
4321,900002,3766
4322,900211,3699
4323,900419,3637
4324,900627,3579
4325,900836,3525
4326,901044,3477
4327,901252,3435
4328,901461,3398
4329,901669,3367
4330,901877,3342
4331,902086,3324
4332,902294,3312
4333,902502,3306
4334,902711,3307
4335,902919,3314
4336,903127,3328
4337,903336,3349
4338,903544,3375
4339,903752,3408
4340,903961,3446
4341,904169,3490
4342,904377,3540
4343,904586,3595
4344,904794,3654
4345,905002,3718
4346,905211,3785
4347,905419,3857
4348,905627,3931
4349,905836,4008
4350,906044,4087
4351,906252,4168
4352,906461,4250
4353,906669,4333
4354,906877,4416
4355,907086,4499
4356,907294,4581
4357,907502,4661
4358,907711,4740
4359,907919,4816
4360,908127,4890
4361,908336,4960
4362,908544,5027
4363,908752,5089
4364,908961,5147
4365,909169,5201
4366,909377,5249
4367,909586,5291
4368,909794,5328
4369,910002,5359
4370,910211,5384
4371,910419,5402
4372,910627,5414
4373,910836,5420
4374,911044,5419
4375,911252,5411
4376,911461,5398
4377,911669,5377
4378,911877,5351
4379,912086,5318
4380,912294,5280
4381,912502,5235
4382,912711,5186
4383,912919,5131
4384,913127,5072
4385,913336,5008
4386,913544,4940
4387,913752,4869
4388,913961,4795
4389,914169,4718
4390,914377,4638
4391,914586,4557
4392,914794,4475
4393,915002,4393
4394,915211,4309
4395,915419,4227
4396,915627,4145
4397,915836,4064
4398,916044,3986
4399,916252,3909
4400,916461,3836
4401,916669,3766
4402,916877,3699
4403,917086,3637
4404,917294,3579
4405,917502,3525
4406,917711,3477
4407,917919,3435
4408,918127,3398
4409,918336,3367
4410,918544,3342
4411,918752,3324
4412,918961,3312
4413,919169,3306
4414,919377,3307
4415,919586,3314
4416,919794,3328
4417,920002,3349
4418,920211,3375
4419,920419,3408
4420,920627,3446
4421,920836,3490
4422,921044,3540
4423,921252,3595
4424,921461,3654
4425,921669,3718
4426,921877,3785
4427,922086,3857
4428,922294,3931
4429,922502,4008
4430,922711,4087
4431,922919,4168
4432,923127,4250
4433,923336,4333
4434,923544,4416
4435,923752,4499
4436,923961,4581
4437,924169,4661
4438,924377,4740
4439,924586,4816
4440,924794,4890
4441,925002,4960
4442,925211,5027
4443,925419,5089
4444,925627,5147
4445,925836,5201
4446,926044,5249
4447,926252,5291
4448,926461,5328
4449,926669,5359
4450,926877,5384
4451,927086,5402
4452,927294,5414
4453,927502,5420
4454,927711,5419
4455,927919,5411
4456,928127,5398
4457,928336,5377
4458,928544,5351
4459,928752,5318
4460,928961,5280
4461,929169,5235
4462,929377,5186
4463,929586,5131
4464,929794,5072
4465,930002,5008
4466,930211,4940
4467,930419,4869
4468,930627,4795
4469,930836,4718
4470,931044,4638
4471,931252,4557
4472,931461,4475
4473,931669,4392
4474,931877,4309
4475,932086,4227
4476,932294,4145
4477,932502,4064
4478,932711,3986
4479,932919,3909
4480,933127,3836
4481,933336,3766
4482,933544,3699
4483,933752,3637
4484,933961,3579
4485,934169,3525
4486,934377,3477
4487,934586,3435
4488,934794,3398
4489,935002,3367
4490,935211,3342
4491,935419,3324
4492,935627,3312
4493,935836,3306
4494,936044,3307
4495,936252,3314
4496,936461,3328
4497,936669,3349
4498,936877,3375
4499,937086,3408
4500,937294,3446
4501,937502,3491
4502,937711,3540
4503,937919,3595
4504,938128,3654
4505,938336,3718
4506,938544,3785
4507,938753,3857
4508,938961,3931
4509,939169,4008
4510,939378,4087
4511,939586,4168
4512,939794,4250
4513,940003,4333
4514,940211,4416
4515,940419,4499
4516,940628,4581
4517,940836,4661
4518,941044,4740
4519,941253,4816
4520,941461,4890
4521,941669,4960
4522,941878,5027
4523,942086,5089
4524,942294,5147
4525,942503,5201
4526,942711,5249
4527,942919,5291
4528,943128,5328
4529,943336,5359
4530,943544,5384
4531,943753,5402
4532,943961,5414
4533,944169,5420
4534,944378,5419
4535,944586,5411
4536,944794,5398
4537,945003,5377
4538,945211,5351
4539,945419,5318
4540,945628,5280
4541,945836,5235
4542,946044,5186
4543,946253,5131
4544,946461,5072
4545,946669,5008
4546,946878,4940
4547,947086,4869
4548,947294,4795
4549,947503,4718
4550,947711,4638
4551,947919,4557
4552,948128,4475
4553,948336,4392
4554,948544,4309
4555,948753,4227
4556,948961,4145
4557,949169,4064
4558,949378,3986
4559,949586,3909
4560,949794,3836
4561,950003,3766
4562,950211,3699
4563,950419,3637
4564,950628,3579
4565,950836,3525
4566,951044,3477
4567,951253,3435
4568,951461,3398
4569,951669,3367
4570,951878,3342
4571,952086,3324
4572,952294,3312
4573,952503,3306
4574,952711,3307
4575,952919,3314
4576,953128,3328
4577,953336,3349
4578,953544,3375
4579,953753,3408
4580,953961,3446
4581,954169,3491
4582,954378,3540
4583,954586,3595
4584,954794,3654
4585,955003,3718
4586,955211,3785
4587,955419,3857
4588,955628,3931
4589,955836,4008
4590,956044,4087
4591,956253,4168
4592,956461,4250
4593,956669,4333
4594,956878,4416
4595,957086,4499
4596,957294,4581
4597,957503,4661
4598,957711,4740
4599,957919,4816
4600,958128,4890
4601,958336,4960
4602,958544,5027
4603,958753,5089
4604,958961,5147
4605,959169,5201
4606,959378,5249
4607,959586,5291
4608,959794,5328
4609,960003,5359
4610,960211,5384
4611,960419,5402
4612,960628,5414
4613,960836,5420
4614,961044,5419
4615,961253,5411
4616,961461,5398
4617,961669,5377
4618,961878,5351
4619,962086,5318
4620,962294,5280
4621,962503,5235
4622,962711,5186
4623,962919,5131
4624,963128,5072
4625,963336,5008
4626,963544,4940
4627,963753,4869
4628,963961,4795
4629,964169,4718
4630,964378,4638
4631,964586,4557
4632,964794,4475
4633,965003,4392
4634,965211,4309
4635,965419,4227
4636,965628,4145
4637,965836,4064
4638,966044,3986
4639,966253,3909
4640,966461,3836
4641,966669,3766
4642,966878,3699
4643,967086,3637
4644,967294,3578
4645,967503,3525
4646,967711,3477
4647,967919,3435
4648,968128,3398
4649,968336,3367
4650,968544,3342
4651,968753,3324
4652,968961,3312
4653,969169,3306
4654,969378,3307
4655,969586,3314
4656,969794,3328
4657,970003,3349
4658,970211,3375
4659,970419,3408
4660,970628,3446
4661,970836,3491
4662,971044,3540
4663,971253,3595
4664,971461,3654
4665,971669,3718
4666,971878,3785
4667,972086,3857
4668,972294,3931
4669,972503,4008
4670,972711,4087
4671,972919,4168
4672,973128,4250
4673,973336,4333
4674,973544,4416
4675,973753,4499
4676,973961,4581
4677,974169,4661
4678,974378,4740
4679,974586,4816
4680,974794,4890
4681,975003,4960
4682,975211,5027
4683,975419,5089
4684,975628,5147
4685,975836,5201
4686,976044,5249
4687,976253,5291
4688,976461,5328
4689,976669,5359
4690,976878,5384
4691,977086,5402
4692,977294,5414
4693,977503,5420
4694,977711,5419
4695,977919,5411
4696,978128,5398
4697,978336,5377
4698,978544,5351
4699,978753,5318
4700,978961,5279
