1,0,2725
2,208,2433
3,416,2160
4,625,1906
5,833,1673
6,1041,1463
7,1250,1276
8,1458,1115
9,1666,979
10,1875,870
11,2083,789
12,2291,736
13,2500,711
14,2708,715
15,2916,747
16,3125,807
17,3333,895
18,3541,1011
19,3750,1153
20,3958,1321
21,4166,1513
22,4375,1729
23,4583,1968
24,4791,2227
25,5000,2505
26,5208,2800
27,5416,3112
28,5625,3436
29,5833,3773
30,6041,4119
31,6250,4473
32,6458,4831
33,6666,5193
34,6875,5556
35,7083,5917
36,7291,6275
37,7500,6627
38,7708,6971
39,7916,7304
40,8125,7626
41,8333,7933
42,8541,8225
43,8750,8498
44,8958,8752
45,9166,8985
46,9375,9195
47,9583,9382
48,9791,9543
49,10000,9679
50,10208,9787
51,10416,9869
52,10625,9922
53,10833,9947
54,11041,9943
55,11250,9911
56,11458,9851
57,11666,9763
58,11875,9647
59,12083,9505
60,12291,9337
61,12500,9144
62,12708,8928
63,12916,8690
64,13125,8431
65,13333,8153
66,13541,7857
67,13750,7546
68,13958,7221
69,14166,6885
70,14375,6539
71,14583,6185
72,14791,5827
73,15000,5465
74,15208,5102
75,15416,4741
76,15625,4383
77,15833,4031
78,16041,3687
79,16250,3353
80,16458,3032
81,16666,2725
82,16875,2433
83,17083,2160
84,17291,1906
85,17500,1673
86,17708,1463
87,17916,1276
88,18125,1115
89,18333,979
90,18541,871
91,18750,789
92,18958,736
93,19166,711
94,19375,715
95,19583,747
96,19791,807
97,20000,895
98,20208,1011
99,20416,1153
100,20625,1321
101,20833,1513
102,21041,1730
103,21250,1968
104,21458,2227
105,21666,2505
106,21875,2801
107,22083,3112
108,22291,3437
109,22500,3773
110,22708,4119
111,22916,4473
112,23125,4831
113,23333,5193
114,23541,5556
115,23750,5917
116,23958,6275
117,24166,6627
118,24375,6971
119,24583,7305
120,24791,7626
121,25000,7933
122,25208,8225
123,25416,8498
124,25625,8752
125,25833,8985
126,26041,9195
127,26250,9382
128,26458,9543
129,26666,9679
130,26875,9787
131,27083,9869
132,27291,9922
133,27500,9947
134,27708,9943
135,27916,9911
136,28125,9851
137,28333,9763
138,28541,9647
139,28750,9505
140,28958,9337
141,29166,9144
142,29375,8928
143,29583,8690
144,29791,8431
145,30000,8153
146,30208,7857
147,30416,7546
148,30625,7221
149,30833,6885
150,31041,6539
151,31250,6185
152,31458,5826
153,31666,5465
154,31875,5102
155,32083,4741
156,32291,4383
157,32500,4031
158,32708,3687
159,32916,3353
160,33125,3032
161,33333,2724
162,33541,2433
163,33750,2160
164,33958,1906
165,34166,1673
166,34375,1463
167,34583,1276
168,34791,1115
169,35000,979
170,35208,871
171,35416,789
172,35625,736
173,35833,711
174,36041,715
175,36250,747
176,36458,807
177,36666,895
178,36875,1011
179,37083,1153
180,37291,1321
181,37500,1514
182,37708,1730
183,37916,1968
184,38125,2227
185,38333,2505
186,38541,2801
187,38750,3112
188,38958,3437
189,39166,3773
190,39375,4119
191,39583,4473
192,39791,4832
193,40000,5193
194,40208,5556
195,40416,5918
196,40625,6275
197,40833,6627
198,41041,6971
199,41250,7305
200,41458,7626
201,41666,7934
202,41875,8225
203,42083,8498
204,42291,8752
205,42500,8985
206,42708,9195
207,42916,9382
208,43125,9543
209,43333,9679
210,43541,9787
211,43750,9869
212,43958,9922
213,44166,9947
214,44375,9943
215,44583,9911
216,44791,9851
217,45000,9763
218,45208,9647
219,45416,9505
220,45625,9337
221,45833,9144
222,46041,8928
223,46250,8690
224,46458,8431
225,46666,8153
226,46875,7857
227,47083,7546
228,47291,7221
229,47500,6885
230,47708,6539
231,47916,6185
232,48125,5826
233,48333,5465
234,48541,5102
235,48750,4740
236,48958,4383
237,49166,4031
238,49375,3687
239,49583,3353
240,49791,3032
241,50000,2724
242,50208,2433
243,50416,2160
244,50625,1906
245,50833,1673
246,51041,1463
247,51250,1276
248,51458,1115
249,51666,979
250,51875,871
251,52083,789
252,52291,736
253,52500,711
254,52708,715
255,52916,747
256,53125,807
257,53333,895
258,53541,1011
259,53750,1153
260,53958,1321
261,54166,1514
262,54375,1730
263,54583,1968
264,54791,2227
265,55000,2505
266,55208,2801
267,55416,3112
268,55625,3437
269,55833,3773
270,56041,4119
271,56250,4473
272,56458,4832
273,56666,5194
274,56875,5556
275,57083,5918
276,57291,6275
277,57500,6627
278,57708,6971
279,57916,7305
280,58125,7626
281,58333,7934
282,58541,8225
283,58750,8498
284,58958,8752
285,59166,8985
286,59375,9196
287,59583,9382
288,59791,9543
289,60000,9679
290,60208,9788
291,60416,9869
292,60625,9922
293,60833,9947
294,61041,9943
295,61250,9911
296,61458,9851
297,61666,9763
298,61875,9647
299,62083,9505
300,62291,9337
301,62500,9144
302,62708,8928
303,62916,8690
304,63125,8431
305,63333,8153
306,63541,7857
307,63750,7546
308,63958,7221
309,64166,6885
310,64375,6539
311,64583,6185
312,64791,5826
313,65000,5464
314,65208,5102
315,65416,4740
316,65625,4383
317,65833,4031
318,66041,3687
319,66250,3353
320,66458,3032
321,66666,2724
322,66875,2433
323,67083,2160
324,67291,1906
325,67500,1673
326,67708,1463
327,67916,1276
328,68125,1115
329,68333,979
330,68541,871
331,68750,789
332,68958,736
333,69166,711
334,69375,715
335,69583,747
336,69791,807
337,70000,896
338,70208,1011
339,70416,1153
340,70625,1321
341,70833,1514
342,71041,1730
343,71250,1968
344,71458,2227
345,71666,2505
346,71875,2801
347,72083,3112
348,72291,3437
349,72500,3773
350,72708,4119
351,72916,4473
352,73125,4832
353,73333,5194
354,73541,5556
355,73750,5918
356,73958,6275
357,74166,6627
358,74375,6971
359,74583,7305
360,74791,7626
361,75000,7934
362,75208,8225
363,75416,8499
364,75625,8752
365,75833,8985
366,76041,9196
367,76250,9382
368,76458,9543
369,76666,9679
370,76875,9788
371,77083,9869
372,77291,9922
373,77500,9947
374,77708,9943
375,77916,9911
376,78125,9851
377,78333,9763
378,78541,9647
379,78750,9505
380,78958,9337
381,79166,9144
382,79375,8928
383,79583,8690
384,79791,8431
385,80000,8153
386,80208,7857
387,80416,7546
388,80625,7221
389,80833,6885
390,81041,6539
391,81250,6185
392,81458,5826
393,81666,5464
394,81875,5102
395,82083,4740
396,82291,4383
397,82500,4031
398,82708,3687
399,82916,3353
400,83125,3032
401,83333,2724
402,83541,2433
403,83750,2159
404,83958,1906
405,84166,1673
406,84375,1462
407,84583,1276
408,84791,1115
409,85000,979
410,85208,871
411,85416,789
412,85625,736
413,85833,711
414,86041,715
415,86250,747
416,86458,807
417,86666,896
418,86875,1011
419,87083,1153
420,87291,1321
421,87500,1514
422,87708,1730
423,87916,1968
424,88125,2227
425,88333,2505
426,88541,2801
427,88750,3112
428,88958,3437
429,89166,3773
430,89375,4120
431,89583,4473
432,89791,4832
433,90000,5194
434,90208,5557
435,90416,5918
436,90625,6276
437,90833,6627
438,91041,6971
439,91250,7305
440,91458,7626
441,91666,7934
442,91875,8225
443,92083,8499
444,92291,8753
445,92500,8985
446,92708,9196
447,92916,9382
448,93125,9543
449,93333,9679
450,93541,9788
451,93750,9869
452,93958,9922
453,94166,9947
454,94375,9943
455,94583,9911
456,94791,9851
457,95000,9763
458,95208,9647
459,95416,9505
460,95625,9337
461,95833,9144
462,96041,8928
463,96250,8690
464,96458,8431
465,96666,8153
466,96875,7857
467,97083,7546
468,97291,7221
469,97500,6885
470,97708,6538
471,97916,6185
472,98125,5826
473,98333,5464
474,98541,5102
475,98750,4740
476,98958,4383
477,99166,4031
478,99375,3687
479,99583,3353
480,99791,3032
481,100000,2724
482,100208,2433
483,100416,2159
484,100625,1906
485,100833,1673
486,101041,1462
487,101250,1276
488,101458,1115
489,101666,979
490,101875,870
491,102083,789
492,102291,736
493,102500,711
494,102708,715
495,102916,747
496,103125,807
497,103333,896
498,103541,1011
499,103750,1153
500,103958,1321
501,104166,1514
502,104375,1730
503,104583,1968
504,104792,2227
505,105000,2505
506,105208,2801
507,105417,3112
508,105625,3437
509,105833,3774
510,106042,4120
511,106250,4473
512,106458,4832
513,106667,5194
514,106875,5557
515,107083,5918
516,107292,6276
517,107500,6627
518,107708,6971
519,107917,7305
520,108125,7627
521,108333,7934
522,108542,8225
523,108750,8499
524,108958,8753
525,109167,8985
526,109375,9196
527,109583,9382
528,109792,9544
529,110000,9679
530,110208,9788
531,110417,9869
532,110625,9922
533,110833,9947
534,111042,9943
535,111250,9911
536,111458,9851
537,111667,9762
538,111875,9647
539,112083,9505
540,112292,9337
541,112500,9144
542,112708,8928
543,112917,8690
544,113125,8431
545,113333,8153
546,113542,7857
547,113750,7546
548,113958,7221
549,114167,6884
550,114375,6538
551,114583,6185
552,114792,5826
553,115000,5464
554,115208,5101
555,115417,4740
556,115625,4382
557,115833,4031
558,116042,3687
559,116250,3353
560,116458,3031
561,116667,2724
562,116875,2433
563,117083,2159
564,117292,1905
565,117500,1673
566,117708,1462
567,117917,1276
568,118125,1115
569,118333,979
570,118542,870
571,118750,789
572,118958,736
573,119167,711
574,119375,715
575,119583,747
576,119792,807
577,120000,896
578,120208,1011
579,120417,1153
580,120625,1321
581,120833,1514
582,121042,1730
583,121250,1968
584,121458,2227
585,121667,2506
586,121875,2801
587,122083,3112
588,122292,3437
589,122500,3774
590,122708,4120
591,122917,4473
592,123125,4832
593,123333,5194
594,123542,5557
595,123750,5918
596,123958,6276
597,124167,6628
598,124375,6971
599,124583,7305
600,124792,7627
601,125000,7934
602,125208,8225
603,125417,8499
604,125625,8753
605,125833,8985
606,126042,9196
607,126250,9382
608,126458,9544
609,126667,9679
610,126875,9788
611,127083,9869
612,127292,9922
613,127500,9947
614,127708,9943
615,127917,9911
616,128125,9851
617,128333,9762
618,128542,9647
619,128750,9505
620,128958,9337
621,129167,9144
622,129375,8928
623,129583,8690
624,129792,8431
625,130000,8153
626,130208,7857
627,130417,7546
628,130625,7221
629,130833,6884
630,131042,6538
631,131250,6185
632,131458,5826
633,131667,5464
634,131875,5101
635,132083,4740
636,132292,4382
637,132500,4031
638,132708,3687
639,132917,3353
640,133125,3031
641,133333,2724
642,133542,2433
643,133750,2159
644,133958,1905
645,134167,1673
646,134375,1462
647,134583,1276
648,134792,1115
649,135000,979
650,135208,870
651,135417,789
652,135625,736
653,135833,711
654,136042,715
655,136250,747
656,136458,807
657,136667,896
658,136875,1011
659,137083,1153
660,137292,1321
661,137500,1514
662,137708,1730
663,137917,1968
664,138125,2227
665,138333,2506
666,138542,2801
667,138750,3112
668,138958,3437
669,139167,3774
670,139375,4120
671,139583,4473
672,139792,4832
673,140000,5194
674,140208,5557
675,140417,5918
676,140625,6276
677,140833,6628
678,141042,6971
679,141250,7305
680,141458,7627
681,141667,7934
682,141875,8225
683,142083,8499
684,142292,8753
685,142500,8986
686,142708,9196
687,142917,9382
688,143125,9544
689,143333,9679
690,143542,9788
691,143750,9869
692,143958,9922
693,144167,9947
694,144375,9943
695,144583,9911
696,144792,9851
697,145000,9762
698,145208,9647
699,145417,9505
700,145625,9337
701,145833,9144
702,146042,8928
703,146250,8690
704,146458,8431
705,146667,8152
706,146875,7857
707,147083,7546
708,147292,7221
709,147500,6884
710,147708,6538
711,147917,6185
712,148125,5826
713,148333,5464
714,148542,5101
715,148750,4740
716,148958,4382
717,149167,4030
718,149375,3687
719,149583,3353
720,149792,3031
721,150000,2724
722,150208,2433
723,150417,2159
724,150625,1905
725,150833,1673
726,151042,1462
727,151250,1276
728,151458,1114
729,151667,979
730,151875,870
731,152083,789
732,152292,736
733,152500,711
734,152708,715
735,152917,747
736,153125,807
737,153333,896
738,153542,1011
739,153750,1153
740,153958,1321
741,154167,1514
742,154375,1730
743,154583,1968
744,154792,2228
745,155000,2506
746,155208,2801
747,155417,3112
748,155625,3437
749,155833,3774
750,156042,4120
751,156250,4473
752,156458,4832
753,156667,5194
754,156875,5557
755,157083,5918
756,157292,6276
757,157500,6628
758,157708,6972
759,157917,7305
760,158125,7627
761,158333,7934
762,158542,8225
763,158750,8499
764,158958,8753
765,159167,8986
766,159375,9196
767,159583,9382
768,159792,9544
769,160000,9679
770,160208,9788
771,160417,9869
772,160625,9922
773,160833,9947
774,161042,9943
775,161250,9911
776,161458,9851
777,161667,9762
778,161875,9647
779,162083,9505
780,162292,9337
781,162500,9144
782,162708,8928
783,162917,8690
784,163125,8431
785,163333,8152
786,163542,7857
787,163750,7546
788,163958,7221
789,164167,6884
790,164375,6538
791,164583,6185
792,164792,5826
793,165000,5464
794,165208,5101
795,165417,4740
796,165625,4382
797,165833,4030
798,166042,3686
799,166250,3353
800,166458,3031
801,166667,2724
802,166875,2433
803,167083,2159
804,167292,1905
805,167500,1672
806,167708,1462
807,167917,1276
808,168125,1114
809,168333,979
810,168542,870
811,168750,789
812,168958,736
813,169167,711
814,169375,715
815,169583,747
816,169792,807
817,170000,896
818,170208,1011
819,170417,1153
820,170625,1321
821,170833,1514
822,171042,1730
823,171250,1969
824,171458,2228
825,171667,2506
826,171875,2801
827,172083,3113
828,172292,3437
829,172500,3774
830,172708,4120
831,172917,4474
832,173125,4832
833,173333,5194
834,173542,5557
835,173750,5918
836,173958,6276
837,174167,6628
838,174375,6972
839,174583,7305
840,174792,7627
841,175000,7934
842,175208,8226
843,175417,8499
844,175625,8753
845,175833,8986
846,176042,9196
847,176250,9382
848,176458,9544
849,176667,9679
850,176875,9788
851,177083,9869
852,177292,9922
853,177500,9947
854,177708,9943
855,177917,9911
856,178125,9851
857,178333,9762
858,178542,9647
859,178750,9505
860,178958,9337
861,179167,9144
862,179375,8928
863,179583,8690
864,179792,8430
865,180000,8152
866,180208,7857
867,180417,7546
868,180625,7221
869,180833,6884
870,181042,6538
871,181250,6184
872,181458,5826
873,181667,5464
874,181875,5101
875,182083,4740
876,182292,4382
877,182500,4030
878,182708,3686
879,182917,3353
880,183125,3031
881,183333,2724
882,183542,2433
883,183750,2159
884,183958,1905
885,184167,1672
886,184375,1462
887,184583,1276
888,184792,1114
889,185000,979
890,185208,870
891,185417,789
892,185625,736
893,185833,711
894,186042,715
895,186250,747
896,186458,807
897,186667,896
898,186875,1011
899,187083,1153
900,187292,1321
901,187500,1514
902,187708,1730
903,187917,1969
904,188125,2228
905,188333,2506
906,188542,2801
907,188750,3113
908,188958,3437
909,189167,3774
910,189375,4120
911,189583,4474
912,189792,4832
913,190000,5194
914,190208,5557
915,190417,5918
916,190625,6276
917,190833,6628
918,191042,6972
919,191250,7305
920,191458,7627
921,191667,7934
922,191875,8226
923,192083,8499
924,192292,8753
925,192500,8986
926,192708,9196
927,192917,9382
928,193125,9544
929,193333,9679
930,193542,9788
931,193750,9869
932,193958,9922
933,194167,9947
934,194375,9943
935,194583,9911
936,194792,9851
937,195000,9762
938,195208,9647
939,195417,9505
940,195625,9337
941,195833,9144
942,196042,8928
943,196250,8689
944,196458,8430
945,196667,8152
946,196875,7857
947,197083,7545
948,197292,7221
949,197500,6884
950,197708,6538
951,197917,6184
952,198125,5826
953,198333,5464
954,198542,5101
955,198750,4740
956,198958,4382
957,199167,4030
958,199375,3686
959,199583,3353
960,199792,3031
961,200000,2724
962,200208,2432
963,200417,2159
964,200625,1905
965,200833,1672
966,201042,1462
967,201250,1276
968,201458,1114
969,201667,979
970,201875,870
971,202083,789
972,202292,736
973,202500,711
974,202708,715
975,202917,747
976,203125,807
977,203333,896
978,203542,1011
979,203750,1154
980,203958,1321
981,204167,1514
982,204375,1730
983,204583,1969
984,204792,2228
985,205000,2506
986,205208,2802
987,205417,3113
988,205625,3438
989,205833,3774
990,206042,4120
991,206250,4474
992,206458,4833
993,206667,5194
994,206875,5557
995,207083,5918
996,207292,6276
997,207500,6628
998,207708,6972
999,207917,7306
1000,208125,7627
1001,208333,7934
1002,208542,8226
1003,208750,8499
1004,208959,8753
1005,209167,8986
1006,209375,9196
1007,209584,9382
1008,209792,9544
1009,210000,9679
1010,210209,9788
1011,210417,9869
1012,210625,9922
1013,210834,9947
1014,211042,9943
1015,211250,9911
1016,211459,9851
1017,211667,9762
1018,211875,9647
1019,212084,9505
1020,212292,9337
1021,212500,9144
1022,212709,8928
1023,212917,8689
1024,213125,8430
1025,213334,8152
1026,213542,7857
1027,213750,7545
1028,213959,7220
1029,214167,6884
1030,214375,6538
1031,214584,6184
1032,214792,5825
1033,215000,5464
1034,215209,5101
1035,215417,4740
1036,215625,4382
1037,215834,4030
1038,216042,3686
1039,216250,3353
1040,216459,3031
1041,216667,2724
1042,216875,2432
1043,217084,2159
1044,217292,1905
1045,217500,1672
1046,217709,1462
1047,217917,1276
1048,218125,1114
1049,218334,979
1050,218542,870
1051,218750,789
1052,218959,736
1053,219167,711
1054,219375,715
1055,219584,747
1056,219792,808
1057,220000,896
1058,220209,1011
1059,220417,1154
1060,220625,1322
1061,220834,1514
1062,221042,1730
1063,221250,1969
1064,221459,2228
1065,221667,2506
1066,221875,2802
1067,222084,3113
1068,222292,3438
1069,222500,3774
1070,222709,4120
1071,222917,4474
1072,223125,4833
1073,223334,5195
1074,223542,5557
1075,223750,5919
1076,223959,6276
1077,224167,6628
1078,224375,6972
1079,224584,7306
1080,224792,7627
1081,225000,7934
1082,225209,8226
1083,225417,8499
1084,225625,8753
1085,225834,8986
1086,226042,9196
1087,226250,9382
1088,226459,9544
1089,226667,9679
1090,226875,9788
1091,227084,9869
1092,227292,9922
1093,227500,9947
1094,227709,9943
1095,227917,9911
1096,228125,9851
1097,228334,9762
1098,228542,9647
1099,228750,9505
1100,228959,9337
1101,229167,9144
1102,229375,10543
1103,229584,10212
1104,229792,9993
1105,230000,9460
1106,230209,9092
1107,230417,8542
1108,230625,8059
1109,230834,7494
1110,231042,6945
1111,231250,6364
1112,231459,5783
1113,231667,5193
1114,231875,4605
1115,232084,4019
1116,232292,3441
1117,232500,2874
1118,232709,2321
1119,232917,1787
1120,233125,1274
1121,233334,786
1122,233542,326
1123,233750,-103
1124,233959,-499
1125,234167,-859
1126,234375,-1181
1127,234584,-1463
1128,234792,-1703
1129,235000,-1900
1130,235209,-2052
1131,235417,-2158
1132,235625,-2219
1133,235834,-2232
1134,236042,-2200
1135,236250,-2121
1136,236459,-1996
1137,236667,-1825
1138,236875,-1611
1139,237084,-1354
1140,237292,-1056
1141,237500,-718
1142,237709,-343
1143,237917,67
1144,238125,509
1145,238334,981
1146,238542,1480
1147,238750,2003
1148,238959,2546
1149,239167,3106
1150,239375,3680
1151,239584,4264
1152,239792,4855
1153,240000,5449
1154,240209,6042
1155,240417,6630
1156,240625,7211
1157,240834,7779
1158,241042,8333
1159,241250,8868
1160,241459,9382
1161,241667,9870
1162,241875,10331
1163,242084,10760
1164,242292,11156
1165,242500,11517
1166,242709,11839
1167,242917,12121
1168,243125,12361
1169,243334,12557
1170,243542,12709
1171,243750,12816
1172,243959,12876
1173,244167,12890
1174,244375,12858
1175,244584,12778
1176,244792,12653
1177,245000,12483
1178,245209,12269
1179,245417,12012
1180,245625,11713
1181,245834,11376
1182,246042,11001
1183,246250,10591
1184,246459,10149
1185,246667,9676
1186,246875,9178
1187,247084,8655
1188,247292,8112
1189,247500,7552
1190,247709,6978
1191,247917,6393
1192,248125,5803
1193,248334,5209
1194,248542,4616
1195,248750,4028
1196,248959,3447
1197,249167,2878
1198,249375,2325
1199,249584,1789
1200,249792,1276
1201,250000,788
1202,250209,327
1203,250417,-102
1204,250625,-499
1205,250834,-859
1206,251042,-1181
1207,251250,-1463
1208,251459,-1703
1209,251667,-1899
1210,251875,-2051
1211,252084,-2158
1212,252292,-2218
1213,252500,-2232
1214,252709,-2200
1215,252917,-2121
1216,253125,-1995
1217,253334,-1825
1218,253542,-1611
1219,253750,-1354
1220,253959,-1055
1221,254167,-718
1222,254375,-343
1223,254584,67
1224,254792,509
1225,255000,982
1226,255209,1480
1227,255417,2003
1228,255625,2546
1229,255834,3106
1230,256042,3680
1231,256250,4265
1232,256459,4855
1233,256667,5449
1234,256875,6042
1235,257084,6630
1236,257292,7211
1237,257500,7780
1238,257709,8333
1239,257917,8869
1240,258125,9382
1241,258334,9870
1242,258542,10331
1243,258750,10760
1244,258959,11157
1245,259167,11517
1246,259375,11839
1247,259584,12121
1248,259792,12361
1249,260000,12557
1250,260209,12709
1251,260417,12816
1252,260625,12876
1253,260834,12890
1254,261042,12858
1255,261250,12778
1256,261459,12653
1257,261667,12483
1258,261875,12269
1259,262084,12012
1260,262292,11713
1261,262500,11376
1262,262709,11001
1263,262917,10591
1264,263125,10148
1265,263334,9676
1266,263542,9177
1267,263750,8655
1268,263959,8112
1269,264167,7551
1270,264375,6977
1271,264584,6393
1272,264792,5803
1273,265000,5209
1274,265209,4616
1275,265417,4028
1276,265625,3447
1277,265834,2878
1278,266042,2325
1279,266250,1789
1280,266459,1276
1281,266667,787
1282,266875,327
1283,267084,-103
1284,267292,-499
1285,267500,-859
1286,267709,-1181
1287,267917,-1463
1288,268125,-1703
1289,268334,-1899
1290,268542,-2051
1291,268750,-2158
1292,268959,-2218
1293,269167,-2232
1294,269375,-2200
1295,269584,-2120
1296,269792,-1995
1297,270000,-1825
1298,270209,-1611
1299,270417,-1354
1300,270625,-1055
1301,270834,-718
1302,271042,-343
1303,271250,67
1304,271459,510
1305,271667,982
1306,271875,1481
1307,272084,2003
1308,272292,2546
1309,272500,3107
1310,272709,3681
1311,272917,4265
1312,273125,4855
1313,273334,5449
1314,273542,6042
1315,273750,6630
1316,273959,7211
1317,274167,7780
1318,274375,8334
1319,274584,8869
1320,274792,9382
1321,275000,9871
1322,275209,10331
1323,275417,10761
1324,275625,11157
1325,275834,11517
1326,276042,11839
1327,276250,12121
1328,276459,12361
1329,276667,12557
1330,276875,12709
1331,277084,12816
1332,277292,12876
1333,277500,12890
1334,277709,12858
1335,277917,12778
1336,278125,12653
1337,278334,12483
1338,278542,12269
1339,278750,12012
1340,278959,11713
1341,279167,11376
1342,279375,11001
1343,279584,10591
1344,279792,10148
1345,280000,9676
1346,280209,9177
1347,280417,8655
1348,280625,8112
1349,280834,7551
1350,281042,6977
1351,281250,6393
1352,281459,5803
1353,281667,5209
1354,281875,4616
1355,282084,4028
1356,282292,3447
1357,282500,2878
1358,282709,2324
1359,282917,1789
1360,283125,1276
1361,283334,787
1362,283542,327
1363,283750,-103
1364,283959,-499
1365,284167,-859
1366,284375,-1181
1367,284584,-1463
1368,284792,-1703
1369,285000,-1899
1370,285209,-2051
1371,285417,-2158
1372,285625,-2218
1373,285834,-2232
1374,286042,-2200
1375,286250,-2120
1376,286459,-1995
1377,286667,-1825
1378,286875,-1611
1379,287084,-1354
1380,287292,-1055
1381,287500,-718
1382,287709,-343
1383,287917,67
1384,288125,510
1385,288334,982
1386,288542,1481
1387,288750,2003
1388,288959,2546
1389,289167,3107
1390,289375,3681
1391,289584,4265
1392,289792,4856
1393,290000,5449
1394,290209,6042
1395,290417,6631
1396,290625,7211
1397,290834,7780
1398,291042,8334
1399,291250,8869
1400,291459,9382
1401,291667,9871
1402,291875,10331
1403,292084,10761
1404,292292,11157
1405,292500,11517
1406,292709,11839
1407,292917,12121
1408,293125,12361
1409,293334,12557
1410,293542,12709
1411,293750,12816
1412,293959,12876
1413,294167,12890
1414,294375,12858
1415,294584,12778
1416,294792,12653
1417,295000,12483
1418,295209,12269
1419,295417,12012
1420,295625,11713
1421,295834,11376
1422,296042,11001
1423,296250,10591
1424,296459,10148
1425,296667,9676
1426,296875,9177
1427,297084,8655
1428,297292,8111
1429,297500,7551
1430,297709,6977
1431,297917,6393
1432,298125,5802
1433,298334,5209
1434,298542,4616
1435,298750,4027
1436,298959,3447
1437,299167,2878
1438,299375,2324
1439,299584,1789
1440,299792,1276
1441,300000,787
1442,300209,327
1443,300417,-103
1444,300625,-499
1445,300834,-859
1446,301042,-1181
1447,301250,-1463
1448,301459,-1703
1449,301667,-1899
1450,301875,-2051
1451,302084,-2158
1452,302292,-2218
1453,302500,-2232
1454,302709,-2200
1455,302917,-2120
1456,303125,-1995
1457,303334,-1825
1458,303542,-1611
1459,303750,-1354
1460,303959,-1055
1461,304167,-717
1462,304375,-343
1463,304584,67
1464,304792,510
1465,305000,982
1466,305209,1481
1467,305417,2003
1468,305625,2547
1469,305834,3107
1470,306042,3681
1471,306250,4265
1472,306459,4856
1473,306667,5449
1474,306875,6042
1475,307084,6631
1476,307292,7211
1477,307500,7780
1478,307709,8334
1479,307917,8869
1480,308125,9382
1481,308334,9871
1482,308542,10331
1483,308750,10761
1484,308959,11157
1485,309167,11517
1486,309375,11839
1487,309584,12121
1488,309792,12361
1489,310000,12557
1490,310209,12710
1491,310417,12816
1492,310625,12876
1493,310834,12890
1494,311042,12858
1495,311250,12778
1496,311459,12653
1497,311667,12483
1498,311875,12269
1499,312084,12012
1500,312292,11713
1501,312500,11375
1502,312709,11001
1503,312917,10591
1504,313126,10148
1505,313334,9676
1506,313542,9177
1507,313751,8654
1508,313959,8111
1509,314167,7551
1510,314376,6977
1511,314584,6393
1512,314792,5802
1513,315001,5209
1514,315209,4616
1515,315417,4027
1516,315626,3447
1517,315834,2878
1518,316042,2324
1519,316251,1789
1520,316459,1276
1521,316667,787
1522,316876,327
1523,317084,-103
1524,317292,-499
1525,317501,-859
1526,317709,-1181
1527,317917,-1463
1528,318126,-1703
1529,318334,-1899
1530,318542,-2052
1531,318751,-2158
1532,318959,-2218
1533,319167,-2232
1534,319376,-2200
1535,319584,-2120
1536,319792,-1995
1537,320001,-1825
1538,320209,-1611
1539,320417,-1353
1540,320626,-1055
1541,320834,-717
1542,321042,-342
1543,321251,68
1544,321459,510
1545,321667,982
1546,321876,1481
1547,322084,2004
1548,322292,2547
1549,322501,3107
1550,322709,3681
1551,322917,4265
1552,323126,4856
1553,323334,5450
1554,323542,6042
1555,323751,6631
1556,323959,7211
1557,324167,7780
1558,324376,8334
1559,324584,8869
1560,324792,9383
1561,325001,9871
1562,325209,10331
1563,325417,10761
1564,325626,11157
1565,325834,11517
1566,326042,11839
1567,326251,12121
1568,326459,12361
1569,326667,12558
1570,326876,12710
1571,327084,12816
1572,327292,12876
1573,327501,12890
1574,327709,12858
1575,327917,12778
1576,328126,12653
1577,328334,12483
1578,328542,12269
1579,328751,12011
1580,328959,11713
1581,329167,11375
1582,329376,11000
1583,329584,10590
1584,329792,10148
1585,330001,9676
1586,330209,9177
1587,330417,8654
1588,330626,8111
1589,330834,7551
1590,331042,6977
1591,331251,6393
1592,331459,5802
1593,331667,5208
1594,331876,4616
1595,332084,4027
1596,332292,3447
1597,332501,2878
1598,332709,2324
1599,332917,1789
1600,333126,1275
1601,333334,787
1602,333542,327
1603,333751,-103
1604,333959,-499
1605,334167,-859
1606,334376,-1181
1607,334584,-1463
1608,334792,-1703
1609,335001,-1899
1610,335209,-2052
1611,335417,-2158
1612,335626,-2218
1613,335834,-2232
1614,336042,-2200
1615,336251,-2120
1616,336459,-1995
1617,336667,-1825
1618,336876,-1611
1619,337084,-1353
1620,337292,-1055
1621,337501,-717
1622,337709,-342
1623,337917,68
1624,338126,510
1625,338334,982
1626,338542,1481
1627,338751,2004
1628,338959,2547
1629,339167,3107
1630,339376,3681
1631,339584,4265
1632,339792,4856
1633,340001,5450
1634,340209,6043
1635,340417,6631
1636,340626,7212
1637,340834,7780
1638,341042,8334
1639,341251,8869
1640,341459,9383
1641,341667,9871
1642,341876,10331
1643,342084,10761
1644,342292,11157
1645,342501,11517
1646,342709,11839
1647,342917,12121
1648,343126,12361
1649,343334,12558
1650,343542,12710
1651,343751,12816
1652,343959,12877
1653,344167,12890
1654,344376,12858
1655,344584,12778
1656,344792,12653
1657,345001,12483
1658,345209,12269
1659,345417,12011
1660,345626,11713
1661,345834,11375
1662,346042,11000
1663,346251,10590
1664,346459,10148
1665,346667,9676
1666,346876,9177
1667,347084,8654
1668,347292,8111
1669,347501,7551
1670,347709,6977
1671,347917,6393
1672,348126,5802
1673,348334,5208
1674,348542,4615
1675,348751,4027
1676,348959,3446
1677,349167,2878
1678,349376,2324
1679,349584,1789
1680,349792,1275
1681,350001,787
1682,350209,327
1683,350417,-103
1684,350626,-499
1685,350834,-859
1686,351042,-1181
1687,351251,-1463
1688,351459,-1703
1689,351667,-1900
1690,351876,-2052
1691,352084,-2158
1692,352292,-2218
1693,352501,-2232
1694,352709,-2200
1695,352917,-2120
1696,353126,-1995
1697,353334,-1825
1698,353542,-1610
1699,353751,-1353
1700,353959,-1055
1701,354167,-717
1702,354376,-342
1703,354584,68
1704,354792,510
1705,355001,982
1706,355209,1481
1707,355417,2004
1708,355626,2547
1709,355834,3107
1710,356042,3681
1711,356251,4266
1712,356459,4856
1713,356667,5450
1714,356876,6043
1715,357084,6631
1716,357292,7212
1717,357501,7781
1718,357709,8334
1719,357917,8869
1720,358126,9383
1721,358334,9871
1722,358542,10332
1723,358751,10761
1724,358959,11157
1725,359167,11517
1726,359376,11839
1727,359584,12121
1728,359792,12361
1729,360001,12558
1730,360209,12710
1731,360417,12816
1732,360626,12877
1733,360834,12890
1734,361042,12858
1735,361251,12778
1736,361459,12653
1737,361667,12483
1738,361876,12269
1739,362084,12011
1740,362292,11713
1741,362501,11375
1742,362709,11000
1743,362917,10590
1744,363126,10148
1745,363334,9676
1746,363542,9177
1747,363751,8654
1748,363959,8111
1749,364167,7551
1750,364376,6977
1751,364584,6392
1752,364792,5802
1753,365001,5208
1754,365209,4615
1755,365417,4027
1756,365626,3446
1757,365834,2877
1758,366042,2324
1759,366251,1789
1760,366459,1275
1761,366667,787
1762,366876,326
1763,367084,-103
1764,367292,-499
1765,367501,-859
1766,367709,-1181
1767,367917,-1463
1768,368126,-1703
1769,368334,-1900
1770,368542,-2052
1771,368751,-2158
1772,368959,-2218
1773,369167,-2232
1774,369376,-2199
1775,369584,-2120
1776,369792,-1995
1777,370001,-1825
1778,370209,-1610
1779,370417,-1353
1780,370626,-1055
1781,370834,-717
1782,371042,-342
1783,371251,68
1784,371459,510
1785,371667,982
1786,371876,1481
1787,372084,2004
1788,372292,2547
1789,372501,3107
1790,372709,3681
1791,372917,4266
1792,373126,4856
1793,373334,5450
1794,373542,6043
1795,373751,6631
1796,373959,7212
1797,374167,7781
1798,374376,8334
1799,374584,8870
1800,374792,9383
1801,375001,9871
1802,375209,10332
1803,375417,10761
1804,375626,11157
1805,375834,11517
1806,376042,11839
1807,376251,12121
1808,376459,12361
1809,376667,12558
1810,376876,12710
1811,377084,12816
1812,377292,12877
1813,377501,12890
1814,377709,12858
1815,377917,12778
1816,378126,12653
1817,378334,12483
1818,378542,12268
1819,378751,12011
1820,378959,11713
1821,379167,11375
1822,379376,11000
1823,379584,10590
1824,379792,10148
1825,380001,9676
1826,380209,9177
1827,380417,8654
1828,380626,8111
1829,380834,7551
1830,381042,6976
1831,381251,6392
1832,381459,5802
1833,381667,5208
1834,381876,4615
1835,382084,4027
1836,382292,3446
1837,382501,2877
1838,382709,2324
1839,382917,1788
1840,383126,1275
1841,383334,787
1842,383542,326
1843,383751,-103
1844,383959,-499
1845,384167,-859
1846,384376,-1181
1847,384584,-1463
1848,384792,-1703
1849,385001,-1900
1850,385209,-2052
1851,385417,-2158
1852,385626,-2218
1853,385834,-2232
1854,386042,-2199
1855,386251,-2120
1856,386459,-1995
1857,386667,-1825
1858,386876,-1610
1859,387084,-1353
1860,387292,-1055
1861,387501,-717
1862,387709,-342
1863,387917,68
1864,388126,510
1865,388334,983
1866,388542,1482
1867,388751,2004
1868,388959,2547
1869,389167,3108
1870,389376,3682
1871,389584,4266
1872,389792,4857
1873,390001,5450
1874,390209,6043
1875,390417,6632
1876,390626,7212
1877,390834,7781
1878,391042,8335
1879,391251,8870
1880,391459,9383
1881,391667,9871
1882,391876,10332
1883,392084,10761
1884,392292,11157
1885,392501,11517
1886,392709,11839
1887,392917,12121
1888,393126,12361
1889,393334,12558
1890,393542,12710
1891,393751,12816
1892,393959,12877
1893,394167,12890
1894,394376,12858
1895,394584,12778
1896,394792,12653
1897,395001,12483
1898,395209,12268
1899,395417,12011
1900,395626,11713
1901,395834,11375
1902,396042,11000
1903,396251,10590
1904,396459,10148
1905,396667,9675
1906,396876,9176
1907,397084,8654
1908,397292,8111
1909,397501,7550
1910,397709,6976
1911,397917,6392
1912,398126,5801
1913,398334,5208
1914,398542,4615
1915,398751,4026
1916,398959,3446
1917,399167,2877
1918,399376,2323
1919,399584,1788
1920,399792,1275
1921,400001,787
1922,400209,326
1923,400417,-103
1924,400626,-499
1925,400834,-859
1926,401042,-1181
1927,401251,-1463
1928,401459,-1703
1929,401667,-1900
1930,401876,-2052
1931,402084,-2158
1932,402292,-2218
1933,402501,-2232
1934,402709,-2199
1935,402917,-2120
1936,403126,-1995
1937,403334,-1825
1938,403542,-1610
1939,403751,-1353
1940,403959,-1055
1941,404167,-717
1942,404376,-342
1943,404584,68
1944,404792,511
1945,405001,983
1946,405209,1482
1947,405417,2004
1948,405626,2547
1949,405834,3108
1950,406042,3682
1951,406251,4266
1952,406459,4857
1953,406667,5450
1954,406876,6043
1955,407084,6632
1956,407292,7212
1957,407501,7781
1958,407709,8335
1959,407917,8870
1960,408126,9383
1961,408334,9872
1962,408542,10332
1963,408751,10761
1964,408959,11157
1965,409167,11518
1966,409376,11839
1967,409584,12121
1968,409792,12361
1969,410001,12558
1970,410209,12710
1971,410417,12816
1972,410626,12877
1973,410834,12890
1974,411042,12858
1975,411251,12778
1976,411459,12653
1977,411667,12483
1978,411876,12268
1979,412084,12011
1980,412292,11713
1981,412501,11375
1982,412709,11000
1983,412917,10590
1984,413126,10147
1985,413334,9675
1986,413542,9176
1987,413751,8654
1988,413959,8111
1989,414167,7550
1990,414376,6976
1991,414584,6392
1992,414792,5801
1993,415001,5208
1994,415209,4615
1995,415417,4026
1996,415626,3446
1997,415834,2877
1998,416042,2323
1999,416251,1788
2000,416459,1275
2001,416667,786
2002,416876,326
2003,417084,-103
2004,417293,-499
2005,417501,-860
2006,417709,-1181
2007,417918,-1463
2008,418126,-1703
2009,418334,-1900
2010,418543,-2052
2011,418751,-2158
2012,418959,-2218
2013,419168,-2232
2014,419376,-2199
2015,419584,-2120
2016,419793,-1995
2017,420001,-1825
2018,420209,-1610
2019,420418,-1353
2020,420626,-1055
2021,420834,-717
2022,421043,-342
2023,421251,68
2024,421459,511
2025,421668,983
2026,421876,1482
2027,422084,2004
2028,422293,2548
2029,422501,3108
2030,422709,3682
2031,422918,4266
2032,423126,4857
2033,423334,5450
2034,423543,6043
2035,423751,6632
2036,423959,7212
2037,424168,7781
2038,424376,8335
2039,424584,8870
2040,424793,9383
2041,425001,9872
2042,425209,10332
2043,425418,10762
2044,425626,11158
2045,425834,11518
2046,426043,11840
2047,426251,12121
2048,426459,12361
2049,426668,12558
2050,426876,12710
2051,427084,12816
2052,427293,12877
2053,427501,12890
2054,427709,12858
2055,427918,12778
2056,428126,12653
2057,428334,12483
2058,428543,12268
2059,428751,12011
2060,428959,11713
2061,429168,11375
2062,429376,11000
2063,429584,10590
2064,429793,10147
2065,430001,9675
2066,430209,9176
2067,430418,8654
2068,430626,8110
2069,430834,7550
2070,431043,6976
2071,431251,6392
2072,431459,5801
2073,431668,5208
2074,431876,4615
2075,432084,4026
2076,432293,3446
2077,432501,2877
2078,432709,2323
2079,432918,1788
2080,433126,1275
2081,433334,786
2082,433543,326
2083,433751,-104
2084,433959,-500
2085,434168,-860
2086,434376,-1182
2087,434584,-1463
2088,434793,-1703
2089,435001,-1900
2090,435209,-2052
2091,435418,-2158
2092,435626,-2218
2093,435834,-2232
2094,436043,-2199
2095,436251,-2120
2096,436459,-1995
2097,436668,-1825
2098,436876,-1610
2099,437084,-1353
2100,437293,-1055
2101,437501,-717
2102,437709,-342
2103,437918,68
2104,438126,511
2105,438334,983
2106,438543,1482
2107,438751,2005
2108,438959,2548
2109,439168,3108
2110,439376,3682
2111,439584,4266
2112,439793,4857
2113,440001,5451
2114,440209,6043
2115,440418,6632
2116,440626,7212
2117,440834,7781
2118,441043,8335
2119,441251,8870
2120,441459,9383
2121,441668,9872
2122,441876,10332
2123,442084,10762
2124,442293,11158
2125,442501,11518
2126,442709,11840
2127,442918,12121
2128,443126,12361
2129,443334,12558
2130,443543,12710
2131,443751,12816
2132,443959,12877
2133,444168,12890
2134,444376,12857
2135,444584,12778
2136,444793,12653
2137,445001,12483
2138,445209,12268
2139,445418,12011
2140,445626,11713
2141,445834,11375
2142,446043,11000
2143,446251,10590
2144,446459,10147
2145,446668,9675
2146,446876,9176
2147,447084,8653
2148,447293,8110
2149,447501,7550
2150,447709,6976
2151,447918,6392
2152,448126,5801
2153,448334,5207
2154,448543,4615
2155,448751,4026
2156,448959,3446
2157,449168,2877
2158,449376,2323
2159,449584,1788
2160,449793,1275
2161,450001,786
2162,450209,326
2163,450418,-104
2164,450626,-500
2165,450834,-860
2166,451043,-1182
2167,451251,-1463
2168,451459,-1703
2169,451668,-1900
2170,451876,-2052
2171,452084,-2158
2172,452293,-2219
2173,452501,-2232
2174,452709,-2199
2175,452918,-2120
2176,453126,-1995
2177,453334,-1825
2178,453543,-1610
2179,453751,-1353
2180,453959,-1054
2181,454168,-717
2182,454376,-342
2183,454584,68
2184,454793,511
2185,455001,983
2186,455209,1482
2187,455418,2005
2188,455626,2548
2189,455834,3108
2190,456043,3682
2191,456251,4266
2192,456459,4857
2193,456668,5451
2194,456876,6044
2195,457084,6632
2196,457293,7213
2197,457501,7781
2198,457709,8335
2199,457918,8870
2200,458126,9384
2201,458334,9872
2202,458543,10332
2203,458751,10762
2204,458959,11158
2205,459168,11518
2206,459376,11840
2207,459584,12121
2208,459793,12361
2209,460001,12558
2210,460209,12710
2211,460418,12816
2212,460626,12877
2213,460834,12890
2214,461043,12857
2215,461251,12778
2216,461459,12653
2217,461668,12483
2218,461876,12268
2219,462084,12011
2220,462293,11712
2221,462501,11375
2222,462709,11000
2223,462918,10590
2224,463126,10147
2225,463334,9675
2226,463543,9176
2227,463751,8653
2228,463959,8110
2229,464168,7550
2230,464376,6976
2231,464584,6392
2232,464793,5801
2233,465001,5207
2234,465209,4614
2235,465418,4026
2236,465626,3445
2237,465834,2877
2238,466043,2323
2239,466251,1788
2240,466459,1274
2241,466668,786
2242,466876,326
2243,467084,-104
2244,467293,-500
2245,467501,-860
2246,467709,-1182
2247,467918,-1463
2248,468126,-1703
2249,468334,-1900
2250,468543,-2052
2251,468751,-2158
2252,468959,-2219
2253,469168,-2232
2254,469376,-2199
2255,469584,-2120
2256,469793,-1995
2257,470001,-1825
2258,470209,-1610
2259,470418,-1353
2260,470626,-1054
2261,470834,-717
2262,471043,-341
2263,471251,69
2264,471459,511
2265,471668,983
2266,471876,1482
2267,472084,2005
2268,472293,2548
2269,472501,3108
2270,472709,3682
2271,472918,4267
2272,473126,4857
2273,473334,5451
2274,473543,6044
2275,473751,6632
2276,473959,7213
2277,474168,7782
2278,474376,8335
2279,474584,8870
2280,474793,9384
2281,475001,9872
2282,475209,10332
2283,475418,10762
2284,475626,11158
2285,475834,11518
2286,476043,11840
2287,476251,12122
2288,476459,12361
2289,476668,12558
2290,476876,12710
2291,477084,12816
2292,477293,12877
2293,477501,12890
2294,477709,12857
2295,477918,12778
2296,478126,12653
2297,478334,12483
2298,478543,12268
2299,478751,12011
2300,478959,11712
2301,479168,11375
2302,479376,11000
2303,479584,10589
2304,479793,10147
2305,480001,9675
2306,480209,9176
2307,480418,8653
2308,480626,8110
2309,480834,7550
2310,481043,6976
2311,481251,6391
2312,481459,5801
2313,481668,5207
2314,481876,4614
2315,482084,4026
2316,482293,3445
2317,482501,2876
2318,482709,2323
2319,482918,1788
2320,483126,1274
2321,483334,786
2322,483543,326
2323,483751,-104
2324,483959,-500
2325,484168,-860
2326,484376,-1182
2327,484584,-1464
2328,484793,-1703
2329,485001,-1900
2330,485209,-2052
2331,485418,-2158
2332,485626,-2219
2333,485834,-2232
2334,486043,-2199
2335,486251,-2120
2336,486459,-1995
2337,486668,-1824
2338,486876,-1610
2339,487084,-1353
2340,487293,-1054
2341,487501,-716
2342,487709,-341
2343,487918,69
2344,488126,511
2345,488334,983
2346,488543,1482
2347,488751,2005
2348,488959,2548
2349,489168,3109
2350,489376,3683
2351,489584,4267
2352,489793,4857
2353,490001,5451
2354,490209,6044
2355,490418,6632
2356,490626,7213
2357,490834,7782
2358,491043,8335
2359,491251,8871
2360,491459,9384
2361,491668,9872
2362,491876,10333
2363,492084,10762
2364,492293,11158
2365,492501,11518
2366,492709,11840
2367,492918,12122
2368,493126,12361
2369,493334,12558
2370,493543,12710
2371,493751,12816
2372,493959,12877
2373,494168,12890
2374,494376,12857
2375,494584,12778
2376,494793,12653
2377,495001,12483
2378,495209,12268
2379,495418,12011
2380,495626,11712
2381,495834,11374
2382,496043,10999
2383,496251,10589
2384,496459,10147
2385,496668,9675
2386,496876,9176
2387,497084,8653
2388,497293,8110
2389,497501,7549
2390,497709,6975
2391,497918,6391
2392,498126,5801
2393,498334,5207
2394,498543,4614
2395,498751,4026
2396,498959,3445
2397,499168,2876
2398,499376,2323
2399,499584,1787
2400,499793,1274
2401,500001,786
2402,500209,326
2403,500418,-104
2404,500626,-500
2405,500834,-860
2406,501043,-1182
2407,501251,-1464
2408,501459,-1703
2409,501668,-1900
2410,501876,-2052
2411,502084,-2158
2412,502293,-2219
2413,502501,-2232
2414,502709,-2199
2415,502918,-2120
2416,503126,-1995
2417,503334,-1824
2418,503543,-1610
2419,503751,-1353
2420,503959,-1054
2421,504168,-716
2422,504376,-341
2423,504584,69
2424,504793,511
2425,505001,983
2426,505209,1482
2427,505418,2005
2428,505626,2548
2429,505834,3109
2430,506043,3683
2431,506251,4267
2432,506459,4858
2433,506668,5451
2434,506876,6044
2435,507084,6633
2436,507293,7213
2437,507501,7782
2438,507709,8336
2439,507918,8871
2440,508126,9384
2441,508334,9872
2442,508543,10333
2443,508751,10762
2444,508959,11158
2445,509168,11518
2446,509376,11840
2447,509584,12122
2448,509793,12362
2449,510001,12558
2450,510209,12710
2451,510418,12816
2452,510626,12877
2453,510834,12890
2454,511043,12857
2455,511251,12778
2456,511459,12653
2457,511668,12482
2458,511876,12268
2459,512084,12011
2460,512293,11712
2461,512501,11374
2462,512709,10999
2463,512918,10589
2464,513126,10147
2465,513334,9675
2466,513543,9176
2467,513751,8653
2468,513959,8110
2469,514168,7549
2470,514376,6975
2471,514584,6391
2472,514793,5800
2473,515001,5207
2474,515209,4614
2475,515418,4025
2476,515626,3445
2477,515834,2876
2478,516043,2322
2479,516251,1787
2480,516459,1274
2481,516668,786
2482,516876,325
2483,517084,-104
2484,517293,-500
2485,517501,-860
2486,517709,-1182
2487,517918,-1464
2488,518126,-1703
2489,518334,-1900
2490,518543,-2052
2491,518751,-2158
2492,518959,-2219
2493,519168,-2232
2494,519376,-2199
2495,519584,-2120
2496,519793,-1995
2497,520001,-1824
2498,520209,-1610
2499,520418,-1353
2500,520626,-1054
2501,520834,-716
2502,521043,-341
2503,521251,69
2504,521460,511
2505,521668,984
2506,521876,1483
2507,522085,2005
2508,522293,2548
2509,522501,3109
2510,522710,3683
2511,522918,4267
2512,523126,4858
2513,523335,5451
2514,523543,6044
2515,523751,6633
2516,523960,7213
2517,524168,7782
2518,524376,8336
2519,524585,8871
2520,524793,9384
2521,525001,9872
2522,525210,10333
2523,525418,10762
2524,525626,11158
2525,525835,11518
2526,526043,11840
2527,526251,12122
2528,526460,12362
2529,526668,12558
2530,526876,12710
2531,527085,12816
2532,527293,12877
2533,527501,12890
2534,527710,12857
2535,527918,12778
2536,528126,12653
2537,528335,12482
2538,528543,12268
2539,528751,12011
2540,528960,11712
2541,529168,11373
2542,529376,12423
2543,529585,13301
2544,529793,14048
2545,530001,14585
2546,530210,14925
2547,530418,15062
2548,530626,15004
2549,530835,14758
2550,531043,14330
2551,531251,13729
2552,531460,12962
2553,531668,12038
2554,531876,10965
2555,532085,9752
2556,532293,8410
2557,532501,6949
2558,532710,5379
2559,532918,3714
2560,533126,1963
2561,533335,141
2562,533543,-1741
2563,533751,-3670
2564,533960,-5632
2565,534168,-7614
2566,534376,-9603
2567,534585,-11585
2568,534793,-13547
2569,535001,-15475
2570,535210,-17357
2571,535418,-19180
2572,535626,-20932
2573,535835,-22601
2574,536043,-24176
2575,536251,-25645
2576,536460,-27000
2577,536668,-28230
2578,536876,-29328
2579,537085,-30285
2580,537293,-31094
2581,537501,-31751
2582,537710,-32249
2583,537918,-32586
2584,538126,-32757
2585,538335,-32762
2586,538543,-32599
2587,538751,-32268
2588,538960,-31772
2589,539168,-31111
2590,539376,-30289
2591,539585,-29311
2592,539793,-28182
2593,540001,-26908
2594,540210,-25495
2595,540418,-23953
2596,540626,-22290
2597,540835,-20515
2598,541043,-18638
2599,541251,-16672
2600,541460,-14625
2601,541668,-12512
2602,541876,-10344
2603,542085,-8134
2604,542293,-5894
2605,542501,-3639
2606,542710,-1381
2607,542918,867
2608,543126,3090
2609,543335,5277
2610,543543,7414
2611,543751,9489
2612,543960,11489
2613,544168,13403
2614,544376,15220
2615,544585,16928
2616,544793,18519
2617,545001,19982
2618,545210,21309
2619,545418,22494
2620,545626,23528
2621,545835,24406
2622,546043,25124
2623,546251,25677
2624,546460,26062
2625,546668,26278
2626,546876,26323
2627,547085,26198
2628,547293,25905
2629,547501,25445
2630,547710,24822
2631,547918,24040
2632,548126,23104
2633,548335,22021
2634,548543,20798
2635,548751,19443
2636,548960,17964
2637,549168,16371
2638,549376,14674
2639,549585,12885
2640,549793,11015
2641,550001,9075
2642,550210,7078
2643,550418,5038
2644,550626,2965
2645,550835,875
2646,551043,-1220
2647,551251,-3306
2648,551460,-5371
2649,551668,-7401
2650,551876,-9383
2651,552085,-11305
2652,552293,-13154
2653,552501,-14919
2654,552710,-16588
2655,552918,-18151
2656,553126,-19597
2657,553335,-20919
2658,553543,-22106
2659,553751,-23152
2660,553960,-24049
2661,554168,-24791
2662,554376,-25375
2663,554585,-25795
2664,554793,-26050
2665,555001,-26136
2666,555210,-26053
2667,555418,-25801
2668,555626,-25381
2669,555835,-24796
2670,556043,-24049
2671,556251,-23143
2672,556460,-22085
2673,556668,-20880
2674,556876,-19535
2675,557085,-18059
2676,557293,-16460
2677,557501,-14748
2678,557710,-12934
2679,557918,-11028
2680,558126,-9042
2681,558335,-6989
2682,558543,-4881
2683,558751,-2732
2684,558960,-553
2685,559168,1640
2686,559376,3835
2687,559585,6019
2688,559793,8179
2689,560001,10300
2690,560210,12372
2691,560418,14381
2692,560626,16315
2693,560835,18164
2694,561043,19915
2695,561251,21560
2696,561460,23087
2697,561668,24488
2698,561876,25755
2699,562085,26880
2700,562293,27856
2701,562501,28677
2702,562710,29339
2703,562918,29837
2704,563126,30169
2705,563335,30333
2706,563543,30327
2707,563751,30152
2708,563960,29809
2709,564168,29301
2710,564376,28630
2711,564585,27801
2712,564793,26819
2713,565001,25690
2714,565210,24422
2715,565418,23022
2716,565626,21500
2717,565835,19864
2718,566043,18124
2719,566251,16293
2720,566460,14381
2721,566668,12400
2722,566876,10363
2723,567085,8282
2724,567293,6170
2725,567501,4041
2726,567710,1907
2727,567918,-217
2728,568126,-2320
2729,568335,-4386
2730,568543,-6405
2731,568751,-8363
2732,568960,-10248
2733,569168,-12048
2734,569376,-13752
2735,569585,-15349
2736,569793,-16829
2737,570001,-18184
2738,570210,-19403
2739,570418,-20481
2740,570626,-21409
2741,570835,-22183
2742,571043,-22796
2743,571251,-23245
2744,571460,-23528
2745,571668,-23640
2746,571876,-23583
2747,572085,-23356
2748,572293,-22959
2749,572501,-22395
2750,572710,-21667
2751,572918,-20780
2752,573126,-19738
2753,573335,-18548
2754,573543,-17217
2755,573751,-15754
2756,573960,-14167
2757,574168,-12466
2758,574376,-10664
2759,574585,-8770
2760,574793,-6798
2761,575001,-4759
2762,575210,-2668
2763,575418,-538
2764,575626,1619
2765,575835,3788
2766,576043,5957
2767,576251,8112
2768,576460,10240
2769,576668,12329
2770,576876,14366
2771,577085,16339
2772,577293,18238
2773,577501,20051
2774,577710,21766
2775,577918,23376
2776,578126,24869
2777,578335,26238
2778,578543,27473
2779,578751,28568
2780,578960,29515
2781,579168,30309
2782,579376,30945
2783,579585,31419
2784,579793,31727
2785,580001,31868
2786,580210,31841
2787,580418,31646
2788,580626,31283
2789,580835,30755
2790,581043,30065
2791,581251,29218
2792,581460,28218
2793,581668,27072
2794,581876,25786
2795,582085,24370
2796,582293,22830
2797,582501,21178
2798,582710,19423
2799,582918,17575
2800,583126,15648
2801,583335,13652
2802,583543,11599
2803,583751,9503
2804,583960,7377
2805,584168,5233
2806,584376,3085
2807,584585,946
2808,584793,-1170
2809,585001,-3251
2810,585210,-5283
2811,585418,-7255
2812,585626,-9153
2813,585835,-10966
2814,586043,-12682
2815,586251,-14292
2816,586460,-15785
2817,586668,-17151
2818,586876,-18383
2819,587085,-19471
2820,587293,-20411
2821,587501,-21195
2822,587710,-21818
2823,587918,-22277
2824,588126,-22568
2825,588335,-22689
2826,588543,-22640
2827,588751,-22419
2828,588960,-22028
2829,589168,-21470
2830,589376,-20746
2831,589585,-19862
2832,589793,-18823
2833,590001,-17635
2834,590210,-16306
2835,590418,-14843
2836,590626,-13257
2837,590835,-11558
2838,591043,-9757
2839,591251,-7865
2840,591460,-5896
2841,591668,-3862
2842,591876,-1777
2843,592085,346
2844,592293,2494
2845,592501,4653
2846,592710,6810
2847,592918,8951
2848,593126,11064
2849,593335,13137
2850,593543,15158
2851,593751,17115
2852,593960,18996
2853,594168,20792
2854,594376,22491
2855,594585,24084
2856,594793,25562
2857,595001,26915
2858,595210,28136
2859,595418,29218
2860,595626,30152
2861,595835,30935
2862,596043,31560
2863,596251,32023
2864,596460,32322
2865,596668,32453
2866,596876,32417
2867,597085,32214
2868,597293,31843
2869,597501,31307
2870,597710,30610
2871,597918,29756
2872,598126,28749
2873,598335,27596
2874,598543,26304
2875,598751,24881
2876,598960,23335
2877,599168,21676
2878,599376,19915
2879,599585,18062
2880,599793,16128
2881,600001,14126
2882,600210,12068
2883,600418,9966
2884,600626,7834
2885,600835,5685
2886,601043,3532
2887,601251,1388
2888,601460,-734
2889,601668,-2820
2890,601876,-4857
2891,602085,-6834
2892,602293,-8737
2893,602501,-10554
2894,602710,-12276
2895,602918,-13890
2896,603126,-15387
2897,603335,-16758
2898,603543,-17994
2899,603751,-19087
2900,603960,-20031
2901,604168,-20819
2902,604376,-21446
2903,604585,-21908
2904,604793,-22203
2905,605001,-22327
2906,605210,-22280
2907,605418,-22062
2908,605626,-21673
2909,605835,-21117
2910,606043,-20395
2911,606251,-19513
2912,606460,-18475
2913,606668,-17288
2914,606876,-15959
2915,607085,-14498
2916,607293,-12913
2917,607501,-11214
2918,607710,-9414
2919,607918,-7524
2920,608126,-5557
2921,608335,-3526
2922,608543,-1443
2923,608751,677
2924,608960,2821
2925,609168,4975
2926,609376,7127
2927,609585,9263
2928,609793,11371
2929,610001,13439
2930,610210,15453
2931,610418,17404
2932,610626,19279
2933,610835,21069
2934,611043,22762
2935,611251,24350
2936,611460,25822
2937,611668,27171
2938,611876,28387
2939,612085,29463
2940,612293,30394
2941,612501,31172
2942,612710,31793
2943,612918,32253
2944,613126,32548
2945,613335,32677
2946,613543,32637
2947,613751,32431
2948,613960,32057
2949,614168,31519
2950,614376,30819
2951,614585,29962
2952,614793,28952
2953,615001,27797
2954,615210,26502
2955,615418,25076
2956,615626,23528
2957,615835,21867
2958,616043,20104
2959,616251,18248
2960,616460,16313
2961,616668,14308
2962,616876,12248
2963,617085,10144
2964,617293,8010
2965,617501,5859
2966,617710,3703
2967,617918,1557
2968,618126,-567
2969,618335,-2654
2970,618543,-4694
2971,618751,-6672
2972,618960,-8577
2973,619168,-10396
2974,619376,-12120
2975,619585,-13736
2976,619793,-15235
2977,620001,-16607
2978,620210,-17845
2979,620418,-18940
2980,620626,-19885
2981,620835,-20674
2982,621043,-21303
2983,621251,-21767
2984,621460,-22063
2985,621668,-22189
2986,621876,-22143
2987,622085,-21927
2988,622293,-21540
2989,622501,-20985
2990,622710,-20264
2991,622918,-19383
2992,623126,-18347
2993,623335,-17161
2994,623543,-15834
2995,623751,-14374
2996,623960,-12791
2997,624168,-11094
2998,624376,-9296
2999,624585,-7407
3000,624793,-5442
3001,625001,-3412
3002,625210,-1331
3003,625418,787
3004,625627,2930
3005,625835,5083
3006,626043,7233
3007,626252,9368
3008,626460,11474
3009,626668,13540
3010,626877,15553
3011,627085,17503
3012,627293,19377
3013,627502,21166
3014,627710,22858
3015,627918,24444
3016,628127,25916
3017,628335,27263
3018,628543,28478
3019,628752,29554
3020,628960,30484
3021,629168,31261
3022,629377,31881
3023,629585,32340
3024,629793,32634
3025,630002,32762
3026,630210,32722
3027,630418,32514
3028,630627,32140
3029,630835,31600
3030,631043,30900
3031,631252,30041
3032,631460,29031
3033,631668,27875
3034,631877,26579
3035,632085,25153
3036,632293,23604
3037,632502,21942
3038,632710,20177
3039,632918,18321
3040,633127,16385
3041,633335,14379
3042,633543,12318
3043,633752,10214
3044,633960,8079
3045,634168,5926
3046,634377,3770
3047,634585,1623
3048,634793,372
3049,635002,-108
3050,635210,-618
3051,635418,-1011
3052,635627,-1246
3053,635835,-1460
3054,636043,-1538
3055,636252,-1586
3056,636460,-1540
3057,636668,-1449
3058,636877,-1291
3059,637085,-1085
3060,637293,-827
3061,637502,-524
3062,637710,-177
3063,637918,209
3064,638127,632
3065,638335,1087
3066,638543,1572
3067,638752,2083
3068,638960,2616
3069,639168,3167
3070,639377,3734
3071,639585,4312
3072,639793,4897
3073,640002,5486
3074,640210,6075
3075,640418,6660
3076,640627,7238
3077,640835,7804
3078,641043,8355
3079,641252,8888
3080,641460,9400
3081,641668,9887
3082,641877,10345
3083,642085,10774
3084,642293,11168
3085,642502,11527
3086,642710,11848
3087,642918,12129
3088,643127,12368
3089,643335,12564
3090,643543,12715
3091,643752,12821
3092,643960,12881
3093,644168,12894
3094,644377,12861
3095,644585,12781
3096,644793,12656
3097,645002,12485
3098,645210,12270
3099,645418,12013
3100,645627,11714
3101,645835,11376
3102,646043,11000
3103,646252,10590
3104,646460,10148
3105,646668,9675
3106,646877,9176
3107,647085,8653
3108,647293,8110
3109,647502,7550
3110,647710,6976
3111,647918,6391
3112,648127,5801
3113,648335,5207
3114,648543,4614
3115,648752,4026
3116,648960,3445
3117,649168,2876
3118,649377,2323
3119,649585,1788
3120,649793,1274
3121,650002,786
3122,650210,326
3123,650418,-103
3124,650627,-499
3125,650835,-859
3126,651043,-1181
3127,651252,-1462
3128,651460,-1702
3129,651668,-1898
3130,651877,-2050
3131,652085,-2156
3132,652293,-2216
3133,652502,-2230
3134,652710,-2196
3135,652918,-2117
3136,653127,-1991
3137,653335,-1821
3138,653543,-1606
3139,653752,-1348
3140,653960,-1049
3141,654168,-711
3142,654377,-336
3143,654585,74
3144,654793,517
3145,655002,990
3146,655210,1489
3147,655418,2012
3148,655627,2555
3149,655835,3116
3150,656043,3690
3151,656252,4274
3152,656460,4865
3153,656668,5458
3154,656877,6051
3155,657085,6640
3156,657293,7220
3157,657502,7788
3158,657710,8342
3159,657918,8877
3160,658127,9390
3161,658335,9878
3162,658543,10338
3163,658752,10767
3164,658960,11163
3165,659168,11523
3166,659377,11844
3167,659585,12126
3168,659793,12365
3169,660002,12561
3170,660210,12713
3171,660418,12819
3172,660627,12879
3173,660835,12892
3174,661043,12859
3175,661252,12780
3176,661460,12654
3177,661668,12484
3178,661877,12269
3179,662085,12011
3180,662293,11713
3181,662502,11375
3182,662710,11000
3183,662918,10589
3184,663127,10147
3185,663335,9674
3186,663543,9175
3187,663752,8653
3188,663960,8109
3189,664168,7549
3190,664377,6975
3191,664585,6391
3192,664793,5800
3193,665002,5206
3194,665210,4613
3195,665418,4025
3196,665627,3445
3197,665835,2876
3198,666043,2322
3199,666252,1787
3200,666460,1274
3201,666668,786
3202,666877,326
3203,667085,-104
3204,667293,-500
3205,667502,-859
3206,667710,-1181
3207,667918,-1463
3208,668127,-1702
3209,668335,-1899
3210,668543,-2050
3211,668752,-2156
3212,668960,-2216
3213,669168,-2230
3214,669377,-2197
3215,669585,-2117
3216,669793,-1992
3217,670002,-1821
3218,670210,-1606
3219,670418,-1348
3220,670627,-1050
3221,670835,-711
3222,671043,-336
3223,671252,74
3224,671460,517
3225,671668,990
3226,671877,1489
3227,672085,2012
3228,672293,2555
3229,672502,3116
3230,672710,3690
3231,672918,4274
3232,673127,4865
3233,673335,5458
3234,673543,6051
3235,673752,6640
3236,673960,7220
3237,674168,7788
3238,674377,8342
3239,674585,8877
3240,674793,9390
3241,675002,9878
3242,675210,10338
3243,675418,10767
3244,675627,11163
3245,675835,11523
3246,676043,11844
3247,676252,12125
3248,676460,12365
3249,676668,12561
3250,676877,12713
3251,677085,12819
3252,677293,12879
3253,677502,12892
3254,677710,12859
3255,677918,12780
3256,678127,12654
3257,678335,12483
3258,678543,12269
3259,678752,12011
3260,678960,11713
3261,679168,11375
3262,679377,10999
3263,679585,10589
3264,679793,10147
3265,680002,9674
3266,680210,9175
3267,680418,8652
3268,680627,8109
3269,680835,7549
3270,681043,6975
3271,681252,6390
3272,681460,5800
3273,681668,5206
3274,681877,4613
3275,682085,4025
3276,682293,3444
3277,682502,2876
3278,682710,2322
3279,682918,1787
3280,683127,1274
3281,683335,785
3282,683543,325
3283,683752,-104
3284,683960,-500
3285,684168,-860
3286,684377,-1181
3287,684585,-1463
3288,684793,-1702
3289,685002,-1899
3290,685210,-2050
3291,685418,-2157
3292,685627,-2217
3293,685835,-2230
3294,686043,-2197
3295,686252,-2117
3296,686460,-1992
3297,686668,-1821
3298,686877,-1606
3299,687085,-1348
3300,687293,-1050
3301,687502,-711
3302,687710,-336
3303,687918,74
3304,688127,517
3305,688335,990
3306,688543,1489
3307,688752,2012
3308,688960,2555
3309,689168,3116
3310,689377,3690
3311,689585,4274
3312,689793,4865
3313,690002,5458
3314,690210,6051
3315,690418,6640
3316,690627,7220
3317,690835,7789
3318,691043,8342
3319,691252,8877
3320,691460,9390
3321,691668,9878
3322,691877,10338
3323,692085,10767
3324,692293,11163
3325,692502,11523
3326,692710,11844
3327,692918,12126
3328,693127,12365
3329,693335,12561
3330,693543,12713
3331,693752,12819
3332,693960,12879
3333,694168,12892
3334,694377,12859
3335,694585,12780
3336,694793,12654
3337,695002,12483
3338,695210,12269
3339,695418,12011
3340,695627,11713
3341,695835,11375
3342,696043,10999
3343,696252,10589
3344,696460,10146
3345,696668,9674
3346,696877,9175
3347,697085,8652
3348,697293,8109
3349,697502,7549
3350,697710,6974
3351,697918,6390
3352,698127,5800
3353,698335,5206
3354,698543,4613
3355,698752,4025
3356,698960,3444
3357,699168,2875
3358,699377,2322
3359,699585,1787
3360,699793,1274
3361,700002,785
3362,700210,325
3363,700418,-104
3364,700627,-500
3365,700835,-860
3366,701043,-1181
3367,701252,-1463
3368,701460,-1703
3369,701668,-1899
3370,701877,-2050
3371,702085,-2157
3372,702293,-2217
3373,702502,-2230
3374,702710,-2197
3375,702918,-2117
3376,703127,-1992
3377,703335,-1821
3378,703543,-1606
3379,703752,-1348
3380,703960,-1050
3381,704168,-711
3382,704377,-336
3383,704585,74
3384,704793,517
3385,705002,990
3386,705210,1489
3387,705418,2012
3388,705627,2555
3389,705835,3116
3390,706043,3690
3391,706252,4274
3392,706460,4865
3393,706668,5459
3394,706877,6051
3395,707085,6640
3396,707293,7220
3397,707502,7789
3398,707710,8342
3399,707918,8877
3400,708127,9390
3401,708335,9878
3402,708543,10338
3403,708752,10767
3404,708960,11163
3405,709168,11523
3406,709377,11844
3407,709585,12126
3408,709793,12365
3409,710002,12561
3410,710210,12713
3411,710418,12819
3412,710627,12879
3413,710835,12892
3414,711043,12859
3415,711252,12779
3416,711460,12654
3417,711668,12483
3418,711877,12269
3419,712085,12011
3420,712293,11712
3421,712502,11374
3422,712710,10999
3423,712918,10589
3424,713127,10146
3425,713335,9674
3426,713543,9175
3427,713752,8652
3428,713960,8109
3429,714168,7548
3430,714377,6974
3431,714585,6390
3432,714793,5799
3433,715002,5206
3434,715210,4613
3435,715418,4024
3436,715627,3444
3437,715835,2875
3438,716043,2322
3439,716252,1787
3440,716460,1273
3441,716668,785
3442,716877,325
3443,717085,-104
3444,717293,-500
3445,717502,-860
3446,717710,-1182
3447,717918,-1463
3448,718127,-1703
3449,718335,-1899
3450,718543,-2051
3451,718752,-2157
3452,718960,-2217
3453,719168,-2230
3454,719377,-2197
3455,719585,-2117
3456,719793,-1992
3457,720002,-1821
3458,720210,-1606
3459,720418,-1348
3460,720627,-1049
3461,720835,-711
3462,721043,-336
3463,721252,75
3464,721460,517
3465,721668,990
3466,721877,1489
3467,722085,2012
3468,722293,2555
3469,722502,3116
3470,722710,3690
3471,722918,4274
3472,723127,4865
3473,723335,5459
3474,723543,6051
3475,723752,6640
3476,723960,7220
3477,724168,7789
3478,724377,8342
3479,724585,8877
3480,724793,9390
3481,725002,9878
3482,725210,10338
3483,725418,10767
3484,725627,11163
3485,725835,11523
3486,726043,11844
3487,726252,12126
3488,726460,12365
3489,726668,12561
3490,726877,12713
3491,727085,12819
3492,727293,12879
3493,727502,12892
3494,727710,12859
3495,727918,12779
3496,728127,12654
3497,728335,12483
3498,728543,12269
3499,728752,12011
3500,728960,11712
3501,729168,11374
3502,729377,10999
3503,729585,10589
3504,729794,10146
3505,730002,9674
3506,730210,9175
3507,730419,8652
3508,730627,8109
3509,730835,7548
3510,731044,6974
3511,731252,6390
3512,731460,5799
3513,731669,5206
3514,731877,4613
3515,732085,4024
3516,732294,3444
3517,732502,2875
3518,732710,2322
3519,732919,1786
3520,733127,1273
3521,733335,785
3522,733544,325
3523,733752,-104
3524,733960,-500
3525,734169,-860
3526,734377,-1182
3527,734585,-1463
3528,734794,-1703
3529,735002,-1899
3530,735210,-2051
3531,735419,-2157
3532,735627,-2217
3533,735835,-2230
3534,736044,-2197
3535,736252,-2117
3536,736460,-1991
3537,736669,-1821
3538,736877,-1606
3539,737085,-1348
3540,737294,-1049
3541,737502,-711
3542,737710,-336
3543,737919,75
3544,738127,517
3545,738335,990
3546,738544,1489
3547,738752,2012
3548,738960,2555
3549,739169,3116
3550,739377,3690
3551,739585,4274
3552,739794,4865
3553,740002,5459
3554,740210,6052
3555,740419,6640
3556,740627,7220
3557,740835,7789
3558,741044,8342
3559,741252,8877
3560,741460,9390
3561,741669,9878
3562,741877,10338
3563,742085,10767
3564,742294,11163
3565,742502,11523
3566,742710,11844
3567,742919,12126
3568,743127,12365
3569,743335,12561
3570,743544,12713
3571,743752,12819
3572,743960,12879
3573,744169,12892
3574,744377,12859
3575,744585,12779
3576,744794,12654
3577,745002,12483
3578,745210,12268
3579,745419,12011
3580,745627,11712
3581,745835,11374
3582,746044,10999
3583,746252,10589
3584,746460,10146
3585,746669,9674
3586,746877,9175
3587,747085,8652
3588,747294,8108
3589,747502,7548
3590,747710,6974
3591,747919,6390
3592,748127,5799
3593,748335,5205
3594,748544,4613
3595,748752,4024
3596,748960,3444
3597,749169,2875
3598,749377,2321
3599,749585,1786
3600,749794,1273
3601,750002,785
3602,750210,325
3603,750419,-105
3604,750627,-500
3605,750835,-860
3606,751044,-1182
3607,751252,-1463
3608,751460,-1703
3609,751669,-1899
3610,751877,-2051
3611,752085,-2157
3612,752294,-2217
3613,752502,-2230
3614,752710,-2197
3615,752919,-2117
3616,753127,-1991
3617,753335,-1821
3618,753544,-1606
3619,753752,-1348
3620,753960,-1049
3621,754169,-711
3622,754377,-336
3623,754585,75
3624,754794,518
3625,755002,990
3626,755210,1489
3627,755419,2012
3628,755627,2556
3629,755835,3116
3630,756044,3690
3631,756252,4275
3632,756460,4865
3633,756669,5459
3634,756877,6052
3635,757085,6640
3636,757294,7220
3637,757502,7789
3638,757710,8343
3639,757919,8877
3640,758127,9390
3641,758335,9878
3642,758544,10338
3643,758752,10768
3644,758960,11163
3645,759169,11523
3646,759377,11844
3647,759585,12126
3648,759794,12365
3649,760002,12561
3650,760210,12713
3651,760419,12819
3652,760627,12879
3653,760835,12892
3654,761044,12859
3655,761252,12779
3656,761460,12654
3657,761669,12483
3658,761877,12268
3659,762085,12011
3660,762294,11712
3661,762502,11374
3662,762710,10999
3663,762919,10589
3664,763127,10146
3665,763335,9674
3666,763544,9174
3667,763752,8652
3668,763960,8108
3669,764169,7548
3670,764377,6974
3671,764585,6390
3672,764794,5799
3673,765002,5205
3674,765210,4612
3675,765419,4024
3676,765627,3444
3677,765835,2875
3678,766044,2321
3679,766252,1786
3680,766460,1273
3681,766669,785
3682,766877,325
3683,767085,-105
3684,767294,-500
3685,767502,-860
3686,767710,-1182
3687,767919,-1463
3688,768127,-1703
3689,768335,-1899
3690,768544,-2051
3691,768752,-2157
3692,768960,-2217
3693,769169,-2230
3694,769377,-2197
3695,769585,-2117
3696,769794,-1991
3697,770002,-1821
3698,770210,-1606
3699,770419,-1348
3700,770627,-1049
3701,770835,-711
3702,771044,-336
3703,771252,75
3704,771460,518
3705,771669,990
3706,771877,1489
3707,772085,2012
3708,772294,2556
3709,772502,3116
3710,772710,3690
3711,772919,4275
3712,773127,4865
3713,773335,5459
3714,773544,6052
3715,773752,6640
3716,773960,7221
3717,774169,7789
3718,774377,8343
3719,774585,8878
3720,774794,9391
3721,775002,9879
3722,775210,10339
3723,775419,10768
3724,775627,11163
3725,775835,11523
3726,776044,11844
3727,776252,12126
3728,776460,12365
3729,776669,12561
3730,776877,12713
3731,777085,12819
3732,777294,12879
3733,777502,12892
3734,777710,12859
3735,777919,12779
3736,778127,12654
3737,778335,12483
3738,778544,12268
3739,778752,12011
3740,778960,11712
3741,779169,11374
3742,779377,10999
3743,779585,10588
3744,779794,10146
3745,780002,9673
3746,780210,9174
3747,780419,8651
3748,780627,8108
3749,780835,7548
3750,781044,6974
3751,781252,6389
3752,781460,5799
3753,781669,5205
3754,781877,4612
3755,782085,4024
3756,782294,3443
3757,782502,2875
3758,782710,2321
3759,782919,1786
3760,783127,1273
3761,783335,785
3762,783544,325
3763,783752,-105
3764,783960,-500
3765,784169,-860
3766,784377,-1182
3767,784585,-1463
3768,784794,-1703
3769,785002,-1899
3770,785210,-2051
3771,785419,-2157
3772,785627,-2217
3773,785835,-2230
3774,786044,-2197
3775,786252,-2117
3776,786460,-1991
3777,786669,-1821
3778,786877,-1606
3779,787085,-1348
3780,787294,-1049
3781,787502,-711
3782,787710,-335
3783,787919,75
3784,788127,518
3785,788335,990
3786,788544,1490
3787,788752,2012
3788,788960,2556
3789,789169,3116
3790,789377,3691
3791,789585,4275
3792,789794,4866
3793,790002,5459
3794,790210,6052
3795,790419,6640
3796,790627,7221
3797,790835,7789
3798,791044,8343
3799,791252,8878
3800,791460,9391
3801,791669,9879
3802,791877,10339
3803,792085,10768
3804,792294,11163
3805,792502,11523
3806,792710,11844
3807,792919,12126
3808,793127,12365
3809,793335,12561
3810,793544,12713
3811,793752,12819
3812,793960,12879
3813,794169,12892
3814,794377,12859
3815,794585,12779
3816,794794,12654
3817,795002,12483
3818,795210,12268
3819,795419,12011
3820,795627,11712
3821,795835,11374
3822,796044,10999
3823,796252,10588
3824,796460,10146
3825,796669,9673
3826,796877,9174
3827,797085,8651
3828,797294,8108
3829,797502,7548
3830,797710,6974
3831,797919,6389
3832,798127,5799
3833,798335,5205
3834,798544,4612
3835,798752,4024
3836,798960,3443
3837,799169,2875
3838,799377,2321
3839,799585,1786
3840,799794,1273
3841,800002,785
3842,800210,324
3843,800419,-105
3844,800627,-501
3845,800835,-860
3846,801044,-1182
3847,801252,-1463
3848,801460,-1703
3849,801669,-1899
3850,801877,-2051
3851,802085,-2157
3852,802294,-2217
3853,802502,-2230
3854,802710,-2197
3855,802919,-2117
3856,803127,-1991
3857,803335,-1821
3858,803544,-1606
3859,803752,-1348
3860,803960,-1049
3861,804169,-711
3862,804377,-335
3863,804585,75
3864,804794,518
3865,805002,990
3866,805210,1490
3867,805419,2013
3868,805627,2556
3869,805835,3117
3870,806044,3691
3871,806252,4275
3872,806460,4866
3873,806669,5459
3874,806877,6052
3875,807085,6641
3876,807294,7221
3877,807502,7789
3878,807710,8343
3879,807919,8878
3880,808127,9391
3881,808335,9879
3882,808544,10339
3883,808752,10768
3884,808960,11163
3885,809169,11523
3886,809377,11845
3887,809585,12126
3888,809794,12365
3889,810002,12561
3890,810210,12713
3891,810419,12819
3892,810627,12879
3893,810835,12892
3894,811044,12859
3895,811252,12779
3896,811460,12654
3897,811669,12483
3898,811877,12268
3899,812085,12011
3900,812294,11712
3901,812502,11374
3902,812710,10998
3903,812919,10588
3904,813127,10146
3905,813335,9673
3906,813544,9174
3907,813752,8651
3908,813960,8108
3909,814169,7547
3910,814377,6973
3911,814585,6389
3912,814794,5798
3913,815002,5205
3914,815210,4612
3915,815419,4023
3916,815627,3443
3917,815835,2874
3918,816044,2321
3919,816252,1786
3920,816460,1273
3921,816669,784
3922,816877,324
3923,817085,-105
3924,817294,-501
3925,817502,-860
3926,817710,-1182
3927,817919,-1463
3928,818127,-1703
3929,818335,-1899
3930,818544,-2051
3931,818752,-2157
3932,818960,-2217
3933,819169,-2230
3934,819377,-2197
3935,819585,-2117
3936,819794,-1991
3937,820002,-1821
3938,820210,-1606
3939,820419,-1348
3940,820627,-1049
3941,820835,-711
3942,821044,-335
3943,821252,75
3944,821460,518
3945,821669,990
3946,821877,1490
3947,822085,2013
3948,822294,2556
3949,822502,3117
3950,822710,3691
3951,822919,4275
3952,823127,4866
3953,823335,5459
3954,823544,6052
3955,823752,6641
3956,823960,7221
3957,824169,7790
3958,824377,8343
3959,824585,8878
3960,824794,9391
3961,825002,9879
3962,825210,10339
3963,825419,10768
3964,825627,11164
3965,825835,11523
3966,826044,11845
3967,826252,12126
3968,826460,12365
3969,826669,12561
3970,826877,12713
3971,827085,12819
3972,827294,12879
3973,827502,12892
3974,827710,12859
3975,827919,12779
3976,828127,12654
3977,828335,12483
3978,828544,12268
3979,828752,12011
3980,828960,11712
3981,829169,11374
3982,829377,10998
3983,829585,10588
3984,829794,10145
3985,830002,9673
3986,830210,9174
3987,830419,8651
3988,830627,8108
3989,830835,7547
3990,831044,6973
3991,831252,6389
3992,831460,5895
3993,831669,5549
3994,831877,5116
3995,832085,4770
3996,832294,4369
3997,832502,4026
3998,832710,3656
3999,832919,3328
4000,833127,2990
4001,833335,2687
4002,833544,2386
4003,833752,2116
4004,833961,1857
4005,834169,1626
4006,834377,1418
4007,834586,1246
4008,834794,1086
4009,835002,964
4010,835211,857
4011,835419,788
4012,835627,737
4013,835836,723
4014,836044,729
4015,836252,770
4016,836461,833
4017,836669,929
4018,836877,1047
4019,837086,1197
4020,837294,1347
4021,837502,1552
4022,837711,1751
4023,837919,2000
4024,838127,2245
4025,838336,2530
4026,838544,2816
4027,838752,3132
4028,838961,3450
4029,839169,3790
4030,839377,4132
4031,839586,4487
4032,839794,4843
4033,840002,5205
4034,840211,5566
4035,840419,5928
4036,840627,6284
4037,840836,6636
4038,841044,6979
4039,841252,7313
4040,841461,7634
4041,841669,7941
4042,841877,8232
4043,842086,8505
4044,842294,8758
4045,842502,8990
4046,842711,9200
4047,842919,9386
4048,843127,9547
4049,843336,9682
4050,843544,9791
4051,843752,9871
4052,843961,9924
4053,844169,9948
4054,844377,9944
4055,844586,9912
4056,844794,9851
4057,845002,9763
4058,845211,9647
4059,845419,9504
4060,845627,9336
4061,845836,9143
4062,846044,8927
4063,846252,8688
4064,846461,8429
4065,846669,8150
4066,846877,7854
4067,847086,7543
4068,847294,7218
4069,847502,6881
4070,847711,6535
4071,847919,6182
4072,848127,5823
4073,848336,5461
4074,848544,5098
4075,848752,4737
4076,848961,4379
4077,849169,4027
4078,849377,3684
4079,849586,3350
4080,849794,3029
4081,850002,2722
4082,850211,2431
4083,850419,2157
4084,850627,1904
4085,850836,1671
4086,851044,1461
4087,851252,1275
4088,851461,1114
4089,851669,979
4090,851877,871
4091,852086,790
4092,852294,737
4093,852502,713
4094,852711,717
4095,852919,749
4096,853127,810
4097,853336,898
4098,853544,1014
4099,853752,1157
4100,853961,1325
4101,854169,1518
4102,854377,1735
4103,854586,1973
4104,854794,2233
4105,855002,2511
4106,855211,2807
4107,855419,3118
4108,855627,3443
4109,855836,3780
4110,856044,4126
4111,856252,4480
4112,856461,4839
4113,856669,5201
4114,856877,5563
4115,857086,5925
4116,857294,6282
4117,857502,6634
4118,857711,6978
4119,857919,7311
4120,858127,7632
4121,858336,7940
4122,858544,8231
4123,858752,8504
4124,858961,8757
4125,859169,8990
4126,859377,9200
4127,859586,9386
4128,859794,9547
4129,860002,9682
4130,860211,9790
4131,860419,9871
4132,860627,9924
4133,860836,9948
4134,861044,9944
4135,861252,9912
4136,861461,9851
4137,861669,9762
4138,861877,9647
4139,862086,9504
4140,862294,9336
4141,862502,9143
4142,862711,8926
4143,862919,8688
4144,863127,8428
4145,863336,8150
4146,863544,7854
4147,863752,7543
4148,863961,7218
4149,864169,6881
4150,864377,6535
4151,864586,6181
4152,864794,5823
4153,865002,5461
4154,865211,5098
4155,865419,4737
4156,865627,4379
4157,865836,4027
4158,866044,3684
4159,866252,3350
4160,866461,3029
4161,866669,2721
4162,866877,2430
4163,867086,2157
4164,867294,1904
4165,867502,1671
4166,867711,1461
4167,867919,1275
4168,868127,1114
4169,868336,979
4170,868544,871
4171,868752,790
4172,868961,737
4173,869169,713
4174,869377,717
4175,869586,749
4176,869794,810
4177,870002,898
4178,870211,1014
4179,870419,1157
4180,870627,1325
4181,870836,1518
4182,871044,1735
4183,871252,1973
4184,871461,2233
4185,871669,2511
4186,871877,2807
4187,872086,3118
4188,872294,3443
4189,872502,3780
4190,872711,4126
4191,872919,4480
4192,873127,4839
4193,873336,5201
4194,873544,5563
4195,873752,5925
4196,873961,6282
4197,874169,6634
4198,874377,6978
4199,874586,7311
4200,874794,7633
4201,875002,7940
4202,875211,8231
4203,875419,8504
4204,875627,8757
4205,875836,8990
4206,876044,9200
4207,876252,9386
4208,876461,9547
4209,876669,9682
4210,876877,9790
4211,877086,9871
4212,877294,9924
4213,877502,9948
4214,877711,9944
4215,877919,9912
4216,878127,9851
4217,878336,9762
4218,878544,9646
4219,878752,9504
4220,878961,9336
4221,879169,9143
4222,879377,8926
4223,879586,8688
4224,879794,8428
4225,880002,8150
4226,880211,7854
4227,880419,7543
4228,880627,7218
4229,880836,6881
4230,881044,6535
4231,881252,6181
4232,881461,5822
4233,881669,5461
4234,881877,5098
4235,882086,4737
4236,882294,4379
4237,882502,4027
4238,882711,3683
4239,882919,3350
4240,883127,3029
4241,883336,2721
4242,883544,2430
4243,883752,2157
4244,883961,1903
4245,884169,1671
4246,884377,1461
4247,884586,1275
4248,884794,1114
4249,885002,979
4250,885211,871
4251,885419,790
4252,885627,737
4253,885836,713
4254,886044,717
4255,886252,749
4256,886461,810
4257,886669,898
4258,886877,1014
4259,887086,1157
4260,887294,1325
4261,887502,1518
4262,887711,1735
4263,887919,1973
4264,888127,2233
4265,888336,2511
4266,888544,2807
4267,888752,3118
4268,888961,3443
4269,889169,3780
4270,889377,4126
4271,889586,4480
4272,889794,4839
4273,890002,5201
4274,890211,5563
4275,890419,5925
4276,890627,6282
4277,890836,6634
4278,891044,6978
4279,891252,7311
4280,891461,7633
4281,891669,7940
4282,891877,8231
4283,892086,8504
4284,892294,8758
4285,892502,8990
4286,892711,9200
4287,892919,9386
4288,893127,9547
4289,893336,9682
4290,893544,9790
4291,893752,9871
4292,893961,9924
4293,894169,9948
4294,894377,9944
4295,894586,9912
4296,894794,9851
4297,895002,9762
4298,895211,9646
4299,895419,9504
4300,895627,9336
4301,895836,9143
4302,896044,8926
4303,896252,8688
4304,896461,8428
4305,896669,8150
4306,896877,7854
4307,897086,7543
4308,897294,7218
4309,897502,6881
4310,897711,6535
4311,897919,6181
4312,898127,5822
4313,898336,5460
4314,898544,5098
4315,898752,4736
4316,898961,4379
4317,899169,4027
4318,899377,3683
4319,899586,3350
4320,899794,3028
4321,900002,2721
4322,900211,2430
4323,900419,2157
4324,900627,1903
4325,900836,1671
4326,901044,1461
4327,901252,1275
4328,901461,1114
4329,901669,979
4330,901877,871
4331,902086,790
4332,902294,737
4333,902502,713
4334,902711,717
4335,902919,749
4336,903127,810
4337,903336,899
4338,903544,1014
4339,903752,1157
4340,903961,1325
4341,904169,1518
4342,904377,1735
4343,904586,1973
4344,904794,2233
4345,905002,2511
4346,905211,2807
4347,905419,3119
4348,905627,3444
4349,905836,3780
4350,906044,4126
4351,906252,4480
4352,906461,4839
4353,906669,5201
4354,906877,5564
4355,907086,5925
4356,907294,6282
4357,907502,6634
4358,907711,6978
4359,907919,7311
4360,908127,7633
4361,908336,7940
4362,908544,8231
4363,908752,8504
4364,908961,8758
4365,909169,8990
4366,909377,9200
4367,909586,9386
4368,909794,9547
4369,910002,9682
4370,910211,9790
4371,910419,9871
4372,910627,9924
4373,910836,9948
4374,911044,9944
4375,911252,9912
4376,911461,9851
4377,911669,9762
4378,911877,9646
4379,912086,9504
4380,912294,9336
4381,912502,9143
4382,912711,8926
4383,912919,8688
4384,913127,8428
4385,913336,8150
4386,913544,7854
4387,913752,7543
4388,913961,7218
4389,914169,6881
4390,914377,6535
4391,914586,6181
4392,914794,5822
4393,915002,5460
4394,915211,5098
4395,915419,4736
4396,915627,4379
4397,915836,4027
4398,916044,3683
4399,916252,3350
4400,916461,3028
4401,916669,2721
4402,916877,2430
4403,917086,2157
4404,917294,1903
4405,917502,1671
4406,917711,1461
4407,917919,1275
4408,918127,1114
4409,918336,979
4410,918544,870
4411,918752,790
4412,918961,737
4413,919169,713
4414,919377,717
4415,919586,749
4416,919794,810
4417,920002,899
4418,920211,1014
4419,920419,1157
4420,920627,1325
4421,920836,1518
4422,921044,1735
4423,921252,1974
4424,921461,2233
4425,921669,2511
4426,921877,2807
4427,922086,3119
4428,922294,3444
4429,922502,3780
4430,922711,4127
4431,922919,4480
4432,923127,4839
4433,923336,5201
4434,923544,5564
4435,923752,5925
4436,923961,6283
4437,924169,6634
4438,924377,6978
4439,924586,7311
4440,924794,7633
4441,925002,7940
4442,925211,8231
4443,925419,8504
4444,925627,8758
4445,925836,8990
4446,926044,9200
4447,926252,9386
4448,926461,9547
4449,926669,9682
4450,926877,9790
4451,927086,9871
4452,927294,9924
4453,927502,9948
4454,927711,9944
4455,927919,9912
4456,928127,9851
4457,928336,9762
4458,928544,9646
4459,928752,9504
4460,928961,9336
4461,929169,9143
4462,929377,8926
4463,929586,8688
4464,929794,8428
4465,930002,8150
4466,930211,7854
4467,930419,7543
4468,930627,7218
4469,930836,6881
4470,931044,6535
4471,931252,6181
4472,931461,5822
4473,931669,5460
4474,931877,5098
4475,932086,4736
4476,932294,4379
4477,932502,4027
4478,932711,3683
4479,932919,3350
4480,933127,3028
4481,933336,2721
4482,933544,2430
4483,933752,2157
4484,933961,1903
4485,934169,1671
4486,934377,1461
4487,934586,1275
4488,934794,1114
4489,935002,979
4490,935211,870
4491,935419,790
4492,935627,737
4493,935836,713
4494,936044,717
4495,936252,749
4496,936461,810
4497,936669,899
4498,936877,1015
4499,937086,1157
4500,937294,1325
4501,937502,1518
4502,937711,1735
4503,937919,1974
4504,938128,2233
4505,938336,2511
4506,938544,2807
4507,938753,3119
4508,938961,3444
4509,939169,3780
4510,939378,4127
4511,939586,4480
4512,939794,4839
4513,940003,5201
4514,940211,5564
4515,940419,5925
4516,940628,6283
4517,940836,6634
4518,941044,6978
4519,941253,7312
4520,941461,7633
4521,941669,7940
4522,941878,8231
4523,942086,8504
4524,942294,8758
4525,942503,8990
4526,942711,9200
4527,942919,9386
4528,943128,9547
4529,943336,9682
4530,943544,9790
4531,943753,9871
4532,943961,9924
4533,944169,9948
4534,944378,9944
4535,944586,9912
4536,944794,9851
4537,945003,9762
4538,945211,9646
4539,945419,9504
4540,945628,9336
4541,945836,9143
4542,946044,8926
4543,946253,8687
4544,946461,8428
4545,946669,8150
4546,946878,7854
4547,947086,7542
4548,947294,7217
4549,947503,6881
4550,947711,6535
4551,947919,6181
4552,948128,5822
4553,948336,5460
4554,948544,5097
4555,948753,4736
4556,948961,4379
4557,949169,4027
4558,949378,3683
4559,949586,3350
4560,949794,3028
4561,950003,2721
4562,950211,2430
4563,950419,2157
4564,950628,1903
4565,950836,1671
4566,951044,1461
4567,951253,1275
4568,951461,1114
4569,951669,979
4570,951878,870
4571,952086,790
4572,952294,737
4573,952503,713
4574,952711,717
4575,952919,749
4576,953128,810
4577,953336,899
4578,953544,1015
4579,953753,1157
4580,953961,1325
4581,954169,1518
4582,954378,1735
4583,954586,1974
4584,954794,2233
4585,955003,2511
4586,955211,2807
4587,955419,3119
4588,955628,3444
4589,955836,3780
4590,956044,4127
4591,956253,4480
4592,956461,4839
4593,956669,5201
4594,956878,5564
4595,957086,5925
4596,957294,6283
4597,957503,6634
4598,957711,6978
4599,957919,7312
4600,958128,7633
4601,958336,7940
4602,958544,8231
4603,958753,8504
4604,958961,8758
4605,959169,8990
4606,959378,9200
4607,959586,9386
4608,959794,9547
4609,960003,9682
4610,960211,9790
4611,960419,9871
4612,960628,9924
4613,960836,9948
4614,961044,9944
4615,961253,9912
4616,961461,9851
4617,961669,9762
4618,961878,9646
4619,962086,9504
4620,962294,9335
4621,962503,9142
4622,962711,8926
4623,962919,8687
4624,963128,8428
4625,963336,8150
4626,963544,7854
4627,963753,7542
4628,963961,7217
4629,964169,6881
4630,964378,6535
4631,964586,6181
4632,964794,5822
4633,965003,5460
4634,965211,5097
4635,965419,4736
4636,965628,4379
4637,965836,4027
4638,966044,3683
4639,966253,3349
4640,966461,3028
4641,966669,2721
4642,966878,2430
4643,967086,2157
4644,967294,1903
4645,967503,1671
4646,967711,1461
4647,967919,1275
4648,968128,1114
4649,968336,979
4650,968544,870
4651,968753,790
4652,968961,737
4653,969169,713
4654,969378,717
4655,969586,749
4656,969794,810
4657,970003,899
4658,970211,1015
4659,970419,1157
4660,970628,1325
4661,970836,1518
4662,971044,1735
4663,971253,1974
4664,971461,2233
4665,971669,2512
4666,971878,2807
4667,972086,3119
4668,972294,3444
4669,972503,3781
4670,972711,4127
4671,972919,4480
4672,973128,4839
4673,973336,5201
4674,973544,5564
4675,973753,5925
4676,973961,6283
4677,974169,6635
4678,974378,6978
4679,974586,7312
4680,974794,7633
4681,975003,7940
4682,975211,8231
4683,975419,8504
4684,975628,8758
4685,975836,8990
4686,976044,9200
4687,976253,9386
4688,976461,9547
4689,976669,9682
4690,976878,9790
4691,977086,9871
4692,977294,9924
4693,977503,9948
4694,977711,9944
4695,977919,9912
4696,978128,9851
4697,978336,9762
4698,978544,9646
4699,978753,9504
4700,978961,9335
